          15
           0 pick.0p           1
    -1.48400    39.48830   240.13170     1.00000     0.50000     0.50000
           1
           1
           0           1
           1
           0 pick.1p           1
    -1.49700    39.54270   240.14391     1.00000     0.50000     0.50000
           1
           1
           0           1
           1
           0 pick.2p           1
    -1.60000    39.53070   240.06979     1.00000     0.50000     0.50000
           1
           1
           0           1
           1
           0 pick.3p           1
    -1.46600    39.52220   240.05460     1.00000     0.50000     0.50000
           1
           1
           0           1
           1
           0 pick.4p           1
    -1.60500    39.54250   240.08141     1.00000     0.50000     0.50000
           1
           1
           0           1
           1
           0 pick.5p           1
    -1.55900    39.52850   240.06520     1.00000     0.50000     0.50000
           1
           1
           0           1
           1
           0 pick.6p           1
    -1.58900    39.53620   240.05080     1.00000     0.50000     0.50000
           1
           1
           0           1
           1
           0 pick.7p           1
    -1.46800    39.52020   240.06960     1.00000     0.50000     0.50000
           1
           1
           0           1
           1
           0 pick.8p           1
    -1.91100    39.48670   240.04050     1.00000     0.50000     0.50000
           1
           1
           0           1
           1
           0 pick.9p           1
    -1.40600    39.50840   240.09300     1.00000     0.50000     0.50000
           1
           1
           0           1
           1
           0 pick.10p           1
    -1.45000    39.52170   240.07840     1.00000     0.50000     0.50000
           1
           1
           0           1
           1
           0 pick.11p           1
    -1.58400    39.53010   240.06400     1.00000     0.50000     0.50000
           1
           1
           0           1
           1
           0 pick.12p           1
    -1.60400    39.54810   240.11639     1.00000     0.50000     0.50000
           1
           1
           0           1
           1
           0 pick.13p           1
    -2.10800    39.57250   240.09190     1.00000     0.50000     0.50000
           1
           1
           0           1
           1
           0 pick.14p           1
    -1.51100    39.51890   240.09891     1.00000     0.50000     0.50000
           1
           1
           0           1
           1
