         474
           0
8.55083357852 32.652658148 244.235368427
           2
           1
           0           1
           1
           1
           0           1
           2
           0
12.1502310913 32.6968688275 244.154037266
           2
           1
           0           1
           1
           1
           0           1
           2
           0
10.4161158307 32.9626391637 243.758454013
           2
           1
           0           1
           1
           1
           0           1
           2
           0
9.43232143349 32.6213282593 244.02735158
           2
           1
           0           1
           1
           1
           0           1
           2
           0
17.6497202431 33.8810443289 242.205111672
           2
           1
           0           1
           1
           1
           0           1
           2
           0
17.3533556198 32.7182540043 244.086978499
           2
           1
           0           1
           1
           1
           0           1
           2
           0
17.6240582318 32.8541586863 244.517625494
           2
           1
           0           1
           1
           1
           0           1
           2
           0
     0.15000    32.61220   244.22169     1.00000     0.50000     0.50000
           2
           1
           0           1
           1
           1
           0           1
           2
           0
19.6103081051 33.9478624116 242.905343607
           2
           1
           0           1
           1
           1
           0           1
           2
           0
     3.14000    34.31920   243.15919     1.00000     0.50000     0.50000
           2
           1
           0           1
           1
           1
           0           1
           2
           0
     4.17000    34.32250   243.16370     1.00000     0.50000     0.50000
           2
           1
           0           1
           1
           1
           0           1
           2
           0
     1.69000    32.72270   244.15550     1.00000     0.50000     0.50000
           2
           1
           0           1
           1
           1
           0           1
           2
           0
12.5845423215 32.8429322533 243.595704518
           2
           1
           0           1
           1
           1
           0           1
           2
           0
     3.56000    32.69070   244.12981     1.00000     0.50000     0.50000
           2
           1
           0           1
           1
           1
           0           1
           2
           0
11.7551259936 34.1905141314 243.502635524
           2
           1
           0           1
           1
           1
           0           1
           2
           0
4.83708092176 34.2559910707 242.832117129
           2
           1
           0           1
           1
           1
           0           1
           2
           0
     3.78000    33.25030   243.56580     1.00000     0.50000     0.50000
           2
           1
           0           1
           1
           1
           0           1
           2
           0
     3.20000    33.17180   244.35049     1.00000     0.50000     0.50000
           2
           1
           0           1
           1
           1
           0           1
           2
           0
12.511151135 33.7562830508 243.280965389
           2
           1
           0           1
           1
           1
           0           1
           2
           0
9.26413324296 33.0735455485 243.822503169
           2
           1
           0           1
           1
           1
           0           1
           2
           0
     4.56000    33.29870   244.27451     1.00000     0.50000     0.50000
           2
           1
           0           1
           1
           1
           0           1
           2
           0
     3.65000    32.65100   244.25500     1.00000     0.50000     0.50000
           2
           1
           0           1
           1
           1
           0           1
           2
           0
14.6800502374 34.5190305124 242.268489174
           2
           1
           0           1
           1
           1
           0           1
           2
           0
1.53854434092 32.6219371816 244.117216608
           2
           1
           0           1
           1
           1
           0           1
           2
           0
     1.89000    32.69180   244.08450     1.00000     0.50000     0.50000
           2
           1
           0           1
           1
           1
           0           1
           2
           0
     2.99000    32.59720   244.24001     1.00000     0.50000     0.50000
           2
           1
           0           1
           1
           1
           0           1
           2
           0
14.3431928068 33.6136350647 243.201016505
           2
           1
           0           1
           1
           1
           0           1
           2
           0
     2.00000    33.22550   244.35750     1.00000     0.50000     0.50000
           2
           1
           0           1
           1
           1
           0           1
           2
           0
11.4559006804 34.1716127896 242.578719034
           2
           1
           0           1
           1
           1
           0           1
           2
           0
19.6739291392 34.0270974463 242.739284201
           2
           1
           0           1
           1
           1
           0           1
           2
           0
13.3327834947 33.5031752982 243.367026586
           2
           1
           0           1
           1
           1
           0           1
           2
           0
     3.52000    32.60520   244.25070     1.00000     0.50000     0.50000
           2
           1
           0           1
           1
           1
           0           1
           2
           0
19.6862921105 34.2528300686 242.750580473
           2
           1
           0           1
           1
           1
           0           1
           2
           0
     0.00000    32.63900   244.23570     1.00000     0.50000     0.50000
           2
           1
           0           1
           1
           1
           0           1
           2
           0
9.89990033898 32.6625845391 244.025204128
           2
           1
           0           1
           1
           1
           0           1
           2
           0
11.2576523958 32.7280556283 244.041218632
           2
           1
           0           1
           1
           1
           0           1
           2
           0
0.971999444252 33.0187185838 243.630758714
           2
           1
           0           1
           1
           1
           0           1
           2
           0
     3.26000    32.68000   244.11220     1.00000     0.50000     0.50000
           2
           1
           0           1
           1
           1
           0           1
           2
           0
     4.38000    32.66400   244.12379     1.00000     0.50000     0.50000
           2
           1
           0           1
           1
           1
           0           1
           2
           0
     4.12000    32.71150   244.06120     1.00000     0.50000     0.50000
           2
           1
           0           1
           1
           1
           0           1
           2
           0
7.67055107242 32.6836760063 244.123515527
           2
           1
           0           1
           1
           1
           0           1
           2
           0
     3.76000    32.65300   244.22079     1.00000     0.50000     0.50000
           2
           1
           0           1
           1
           1
           0           1
           2
           0
2.57559130212 34.3649173011 243.659559269
           2
           1
           0           1
           1
           1
           0           1
           2
           0
5.76550980253 32.7142353602 244.132107464
           2
           1
           0           1
           1
           1
           0           1
           2
           0
20.9039293652 33.6496140402 243.19556633
           2
           1
           0           1
           1
           1
           0           1
           2
           0
13.3405196655 33.4515177151 243.586185095
           2
           1
           0           1
           1
           1
           0           1
           2
           0
     4.03000    34.31920   243.53650     1.00000     0.50000     0.50000
           2
           1
           0           1
           1
           1
           0           1
           2
           0
13.4888610836 33.4926520452 244.208178275
           2
           1
           0           1
           1
           1
           0           1
           2
           0
     0.91000    32.65070   243.98801     1.00000     0.50000     0.50000
           2
           1
           0           1
           1
           1
           0           1
           2
           0
     2.20000    33.76280   243.85980     1.00000     0.50000     0.50000
           2
           1
           0           1
           1
           1
           0           1
           2
           0
14.0114500708 32.6829236886 244.161716278
           2
           1
           0           1
           1
           1
           0           1
           2
           0
9.08213358363 32.7081648525 243.999315177
           2
           1
           0           1
           1
           1
           0           1
           2
           0
     0.67000    32.61750   244.19380     1.00000     0.50000     0.50000
           2
           1
           0           1
           1
           1
           0           1
           2
           0
6.19742897009 32.7007387221 244.039311516
           2
           1
           0           1
           1
           1
           0           1
           2
           0
17.9235086101 32.6278702559 244.334736867
           2
           1
           0           1
           1
           1
           0           1
           2
           0
15.1863586686 34.079865337 243.323336964
           2
           1
           0           1
           1
           1
           0           1
           2
           0
11.2270733791 32.8596331828 244.452979221
           2
           1
           0           1
           1
           1
           0           1
           2
           0
     2.41000    32.68580   244.14830     1.00000     0.50000     0.50000
           2
           1
           0           1
           1
           1
           0           1
           2
           0
     2.03000    32.56420   244.23421     1.00000     0.50000     0.50000
           2
           1
           0           1
           1
           1
           0           1
           2
           0
     3.68000    32.68350   244.11470     1.00000     0.50000     0.50000
           2
           1
           0           1
           1
           1
           0           1
           2
           0
     4.28000    32.67520   244.20720     1.00000     0.50000     0.50000
           2
           1
           0           1
           1
           1
           0           1
           2
           0
     3.72000    33.18050   244.39320     1.00000     0.50000     0.50000
           2
           1
           0           1
           1
           1
           0           1
           2
           0
6.12633014478 33.1254077355 244.292035441
           2
           1
           0           1
           1
           1
           0           1
           2
           0
14.8767369052 32.6949251825 243.95647552
           2
           1
           0           1
           1
           1
           0           1
           2
           0
9.71678907165 34.1076841784 242.280751508
           2
           1
           0           1
           1
           1
           0           1
           2
           0
6.08194098418 33.3297354115 243.589343352
           2
           1
           0           1
           1
           1
           0           1
           2
           0
     4.21000    32.58530   244.25169     1.00000     0.50000     0.50000
           2
           1
           0           1
           1
           1
           0           1
           2
           0
11.5644865412 32.5815640614 244.03472028
           2
           1
           0           1
           1
           1
           0           1
           2
           0
15.4022190802 33.9519565334 242.273249657
           2
           1
           0           1
           1
           1
           0           1
           2
           0
11.6243858107 33.0836162346 244.358463078
           2
           1
           0           1
           1
           1
           0           1
           2
           0
14.4598322819 33.6382494223 243.241533409
           2
           1
           0           1
           1
           1
           0           1
           2
           0
17.6112309905 32.9813880566 244.475234723
           2
           1
           0           1
           1
           1
           0           1
           2
           0
3.69549488569 32.8941130596 243.968661979
           2
           1
           0           1
           1
           1
           0           1
           2
           0
     1.26000    32.61620   244.18401     1.00000     0.50000     0.50000
           2
           1
           0           1
           1
           1
           0           1
           2
           0
9.76945208061 32.6044377154 244.311569556
           2
           1
           0           1
           1
           1
           0           1
           2
           0
     3.51000    33.18280   244.38850     1.00000     0.50000     0.50000
           2
           1
           0           1
           1
           1
           0           1
           2
           0
     3.74000    33.20720   244.39729     1.00000     0.50000     0.50000
           2
           1
           0           1
           1
           1
           0           1
           2
           0
12.8884618447 33.3519237629 243.644793306
           2
           1
           0           1
           1
           1
           0           1
           2
           0
8.34744762328 32.6648177859 244.124680966
           2
           1
           0           1
           1
           1
           0           1
           2
           0
6.65327624346 32.6401683579 244.105227542
           2
           1
           0           1
           1
           1
           0           1
           2
           0
8.60824363575 33.4196155919 243.525515006
           2
           1
           0           1
           1
           1
           0           1
           2
           0
3.21684610466 33.8332911938 243.64028398
           2
           1
           0           1
           1
           1
           0           1
           2
           0
     3.25000    32.54570   244.18700     1.00000     0.50000     0.50000
           2
           1
           0           1
           1
           1
           0           1
           2
           0
15.2672057734 33.1461758644 243.668813136
           2
           1
           0           1
           1
           1
           0           1
           2
           0
     1.30000    32.71780   244.10970     1.00000     0.50000     0.50000
           2
           1
           0           1
           1
           1
           0           1
           2
           0
     4.43000    33.25670   244.01469     1.00000     0.50000     0.50000
           2
           1
           0           1
           1
           1
           0           1
           2
           0
10.0574305469 32.7098497044 244.253438979
           2
           1
           0           1
           1
           1
           0           1
           2
           0
9.86982277556 32.4686287571 244.310266434
           2
           1
           0           1
           1
           1
           0           1
           2
           0
     2.70000    32.62070   244.23380     1.00000     0.50000     0.50000
           2
           1
           0           1
           1
           1
           0           1
           2
           0
     3.26000    32.60000   244.20720     1.00000     0.50000     0.50000
           2
           1
           0           1
           1
           1
           0           1
           2
           0
11.7953789028 33.0918819017 244.131654606
           2
           1
           0           1
           1
           1
           0           1
           2
           0
     4.64000    32.68150   244.03081     1.00000     0.50000     0.50000
           2
           1
           0           1
           1
           1
           0           1
           2
           0
3.06004474231 33.2070160407 244.441149901
           2
           1
           0           1
           1
           1
           0           1
           2
           0
17.0904525444 34.1837588473 242.663476958
           2
           1
           0           1
           1
           1
           0           1
           2
           0
12.9813963627 32.6807648524 244.076014924
           2
           1
           0           1
           1
           1
           0           1
           2
           0
     2.79000    33.25230   243.96820     1.00000     0.50000     0.50000
           2
           1
           0           1
           1
           1
           0           1
           2
           0
     0.72000    32.64270   244.20200     1.00000     0.50000     0.50000
           2
           1
           0           1
           1
           1
           0           1
           2
           0
4.20100230276 32.5215087566 244.231094077
           2
           1
           0           1
           1
           1
           0           1
           2
           0
2.66238555958 34.3630753142 243.64644849
           2
           1
           0           1
           1
           1
           0           1
           2
           0
     1.16000    32.65720   244.20650     1.00000     0.50000     0.50000
           2
           1
           0           1
           1
           1
           0           1
           2
           0
     4.83000    32.51850   244.25301     1.00000     0.50000     0.50000
           2
           1
           0           1
           1
           1
           0           1
           2
           0
15.5839373153 33.5908963474 243.492805925
           2
           1
           0           1
           1
           1
           0           1
           2
           0
10.0066943048 32.7525041524 244.401700836
           2
           1
           0           1
           1
           1
           0           1
           2
           0
10.996443994 34.2513467034 243.580630635
           2
           1
           0           1
           1
           1
           0           1
           2
           0
8.18826976848 32.6976273738 244.024014922
           2
           1
           0           1
           1
           1
           0           1
           2
           0
9.82622667625 34.0705864586 242.738970573
           2
           1
           0           1
           1
           1
           0           1
           2
           0
4.99974109994 33.7471116597 244.112223006
           2
           1
           0           1
           1
           1
           0           1
           2
           0
     0.09000    32.58520   244.23320     1.00000     0.50000     0.50000
           2
           1
           0           1
           1
           1
           0           1
           2
           0
15.0605808772 33.9631413285 242.798449225
           2
           1
           0           1
           1
           1
           0           1
           2
           0
14.4082237656 32.5320457863 244.038735549
           2
           1
           0           1
           1
           1
           0           1
           2
           0
     4.90000    32.65400   244.34979     1.00000     0.50000     0.50000
           2
           1
           0           1
           1
           1
           0           1
           2
           0
2.91161131086 33.0364006695 243.604084329
           2
           1
           0           1
           1
           1
           0           1
           2
           0
11.0359960849 33.0920414076 244.431679279
           2
           1
           0           1
           1
           1
           0           1
           2
           0
     4.78000    32.69620   244.12219     1.00000     0.50000     0.50000
           2
           1
           0           1
           1
           1
           0           1
           2
           0
7.80187710897 32.7460836661 244.477997263
           2
           1
           0           1
           1
           1
           0           1
           2
           0
2.16610599737 32.6524658217 244.16439624
           2
           1
           0           1
           1
           1
           0           1
           2
           0
9.5311899694 33.4414697888 243.692325694
           2
           1
           0           1
           1
           1
           0           1
           2
           0
5.02443151235 34.1724149297 243.099463267
           2
           1
           0           1
           1
           1
           0           1
           2
           0
15.0136716724 33.4738996652 243.550248357
           2
           1
           0           1
           1
           1
           0           1
           2
           0
15.0461922222 33.9559631228 242.832257249
           2
           1
           0           1
           1
           1
           0           1
           2
           0
10.7171159716 33.2149499025 244.361321554
           2
           1
           0           1
           1
           1
           0           1
           2
           0
     1.03000    34.22170   242.94971     1.00000     0.50000     0.50000
           2
           1
           0           1
           1
           1
           0           1
           2
           0
15.6121900846 34.0767723631 242.510898781
           2
           1
           0           1
           1
           1
           0           1
           2
           0
     1.09000    32.65370   244.20731     1.00000     0.50000     0.50000
           2
           1
           0           1
           1
           1
           0           1
           2
           0
     3.88000    34.31770   243.14870     1.00000     0.50000     0.50000
           2
           1
           0           1
           1
           1
           0           1
           2
           0
     4.50000    33.18130   244.40199     1.00000     0.50000     0.50000
           2
           1
           0           1
           1
           1
           0           1
           2
           0
8.30385795377 32.7044253124 244.270789383
           2
           1
           0           1
           1
           1
           0           1
           2
           0
19.1458100837 33.0451260762 244.508194089
           2
           1
           0           1
           1
           1
           0           1
           2
           0
11.0044492913 34.4577345337 243.059099026
           2
           1
           0           1
           1
           1
           0           1
           2
           0
     2.33000    32.60780   244.23080     1.00000     0.50000     0.50000
           2
           1
           0           1
           1
           1
           0           1
           2
           0
3.32271839578 33.4257837323 243.573450821
           2
           1
           0           1
           1
           1
           0           1
           2
           0
     4.46000    34.34200   242.99071     1.00000     0.50000     0.50000
           2
           1
           0           1
           1
           1
           0           1
           2
           0
     0.03000    32.63800   244.22369     1.00000     0.50000     0.50000
           2
           1
           0           1
           1
           1
           0           1
           2
           0
7.9770289387 33.0025885686 243.498190927
           2
           1
           0           1
           1
           1
           0           1
           2
           0
     1.09000    32.58780   244.21719     1.00000     0.50000     0.50000
           2
           1
           0           1
           1
           1
           0           1
           2
           0
     4.90000    34.24130   243.22020     1.00000     0.50000     0.50000
           2
           1
           0           1
           1
           1
           0           1
           2
           0
     2.64000    32.66700   244.23280     1.00000     0.50000     0.50000
           2
           1
           0           1
           1
           1
           0           1
           2
           0
13.0840751302 32.5917689504 244.307789355
           2
           1
           0           1
           1
           1
           0           1
           2
           0
11.032853223 32.6682810732 244.228461007
           2
           1
           0           1
           1
           1
           0           1
           2
           0
     3.28000    32.69600   243.97600     1.00000     0.50000     0.50000
           2
           1
           0           1
           1
           1
           0           1
           2
           0
7.47675123649 32.6732056429 244.00036973
           2
           1
           0           1
           1
           1
           0           1
           2
           0
     0.00000    32.69430   244.09720     1.00000     0.50000     0.50000
           2
           1
           0           1
           1
           1
           0           1
           2
           0
5.49235887298 33.1300717086 244.017250819
           2
           1
           0           1
           1
           1
           0           1
           2
           0
     5.00000    32.59470   244.26199     1.00000     0.50000     0.50000
           2
           1
           0           1
           1
           1
           0           1
           2
           0
     2.96000    32.64130   244.13530     1.00000     0.50000     0.50000
           2
           1
           0           1
           1
           1
           0           1
           2
           0
14.5012111617 33.9215701914 242.191823536
           2
           1
           0           1
           1
           1
           0           1
           2
           0
     4.73000    34.01120   242.42529     1.00000     0.50000     0.50000
           2
           1
           0           1
           1
           1
           0           1
           2
           0
     3.80000    33.17330   244.38879     1.00000     0.50000     0.50000
           2
           1
           0           1
           1
           1
           0           1
           2
           0
7.59494445122 32.7731411311 244.132877443
           2
           1
           0           1
           1
           1
           0           1
           2
           0
     3.12000    32.71380   244.04030     1.00000     0.50000     0.50000
           2
           1
           0           1
           1
           1
           0           1
           2
           0
-1.0664811289 32.6074662505 244.22092136
           2
           1
           0           1
           1
           1
           0           1
           2
           0
    20.99000    33.98470   243.04379     1.00000     0.50000     0.50000
           2
           1
           0           1
           1
           1
           0           1
           2
           0
10.7846882755 33.3037624002 243.532639201
           2
           1
           0           1
           1
           1
           0           1
           2
           0
6.6852840128 32.6292481587 243.884490375
           2
           1
           0           1
           1
           1
           0           1
           2
           0
7.31605780852 32.6435621856 244.124005383
           2
           1
           0           1
           1
           1
           0           1
           2
           0
     3.72000    32.61050   244.21370     1.00000     0.50000     0.50000
           2
           1
           0           1
           1
           1
           0           1
           2
           0
19.5191646487 33.9223910905 243.157794234
           2
           1
           0           1
           1
           1
           0           1
           2
           0
13.3155704378 32.9760516773 244.047828988
           2
           1
           0           1
           1
           1
           0           1
           2
           0
16.1528276079 34.0998645563 242.664110683
           2
           1
           0           1
           1
           1
           0           1
           2
           0
10.7717058268 33.9568031134 242.299661922
           2
           1
           0           1
           1
           1
           0           1
           2
           0
     4.25000    32.61950   244.21230     1.00000     0.50000     0.50000
           2
           1
           0           1
           1
           1
           0           1
           2
           0
10.3719452752 33.0505004163 244.049431056
           2
           1
           0           1
           1
           1
           0           1
           2
           0
     3.00000    32.65370   244.20030     1.00000     0.50000     0.50000
           2
           1
           0           1
           1
           1
           0           1
           2
           0
11.5420345892 33.7534864386 244.055863507
           2
           1
           0           1
           1
           1
           0           1
           2
           0
12.5550578545 32.9414456312 244.503258417
           2
           1
           0           1
           1
           1
           0           1
           2
           0
1.49305747815 32.5941758107 244.282405675
           2
           1
           0           1
           1
           1
           0           1
           2
           0
20.7121234717 33.9458617677 242.947382222
           2
           1
           0           1
           1
           1
           0           1
           2
           0
2.88277045609 32.6527086367 243.936606885
           2
           1
           0           1
           1
           1
           0           1
           2
           0
     2.48000    32.63050   244.24730     1.00000     0.50000     0.50000
           2
           1
           0           1
           1
           1
           0           1
           2
           0
2.13963742253 32.6660389666 244.186068306
           2
           1
           0           1
           1
           1
           0           1
           2
           0
     3.88000    32.66220   244.19350     1.00000     0.50000     0.50000
           2
           1
           0           1
           1
           1
           0           1
           2
           0
     3.01000    32.63000   244.21280     1.00000     0.50000     0.50000
           2
           1
           0           1
           1
           1
           0           1
           2
           0
8.69995385014 32.6585706789 244.132355611
           2
           1
           0           1
           1
           1
           0           1
           2
           0
     0.54000    32.62320   244.22971     1.00000     0.50000     0.50000
           2
           1
           0           1
           1
           1
           0           1
           2
           0
5.08212991288 32.6532580561 244.236383181
           2
           1
           0           1
           1
           1
           0           1
           2
           0
0.117096935677 32.7723055859 244.094366798
           2
           1
           0           1
           1
           1
           0           1
           2
           0
7.81184252557 32.7424908274 244.294273006
           2
           1
           0           1
           1
           1
           0           1
           2
           0
7.62629501317 33.7996481356 242.182853672
           2
           1
           0           1
           1
           1
           0           1
           2
           0
9.95436895525 32.7850163596 244.118067437
           2
           1
           0           1
           1
           1
           0           1
           2
           0
11.1521083005 32.626705538 243.874396706
           2
           1
           0           1
           1
           1
           0           1
           2
           0
     4.32000    34.43170   243.49229     1.00000     0.50000     0.50000
           2
           1
           0           1
           1
           1
           0           1
           2
           0
15.0265881399 33.6689378814 243.225066239
           2
           1
           0           1
           1
           1
           0           1
           2
           0
     3.18000    33.87630   242.23331     1.00000     0.50000     0.50000
           2
           1
           0           1
           1
           1
           0           1
           2
           0
6.43013272386 32.9465789193 243.789480018
           2
           1
           0           1
           1
           1
           0           1
           2
           0
     4.27000    32.56900   244.25880     1.00000     0.50000     0.50000
           2
           1
           0           1
           1
           1
           0           1
           2
           0
15.16472933 33.4928718659 243.56417781
           2
           1
           0           1
           1
           1
           0           1
           2
           0
3.22416882513 34.335203592 243.16572219
           2
           1
           0           1
           1
           1
           0           1
           2
           0
0.929865469707 32.6176189529 244.166301479
           2
           1
           0           1
           1
           1
           0           1
           2
           0
14.6914006898 33.4613968497 243.746817433
           2
           1
           0           1
           1
           1
           0           1
           2
           0
     3.01000    32.63900   244.24651     1.00000     0.50000     0.50000
           2
           1
           0           1
           1
           1
           0           1
           2
           0
     1.93000    32.62100   244.25720     1.00000     0.50000     0.50000
           2
           1
           0           1
           1
           1
           0           1
           2
           0
     3.39000    32.60170   244.21201     1.00000     0.50000     0.50000
           2
           1
           0           1
           1
           1
           0           1
           2
           0
4.65320088217 32.6513131632 244.144775811
           2
           1
           0           1
           1
           1
           0           1
           2
           0
     0.11000    32.61780   244.22220     1.00000     0.50000     0.50000
           2
           1
           0           1
           1
           1
           0           1
           2
           0
7.35164044852 34.1203147406 243.826858343
           2
           1
           0           1
           1
           1
           0           1
           2
           0
     4.25000    32.73250   244.02400     1.00000     0.50000     0.50000
           2
           1
           0           1
           1
           1
           0           1
           2
           0
23.2393900934 34.0559836847 242.972310425
           2
           1
           0           1
           1
           1
           0           1
           2
           0
     3.63000    32.70950   244.05670     1.00000     0.50000     0.50000
           2
           1
           0           1
           1
           1
           0           1
           2
           0
3.42614750198 33.1469838004 244.322958864
           2
           1
           0           1
           1
           1
           0           1
           2
           0
11.3670597544 32.6726286894 244.250645202
           2
           1
           0           1
           1
           1
           0           1
           2
           0
     1.43000    33.06280   244.09070     1.00000     0.50000     0.50000
           2
           1
           0           1
           1
           1
           0           1
           2
           0
17.931564949 33.6452047138 243.152934691
           2
           1
           0           1
           1
           1
           0           1
           2
           0
5.59452801685 34.1923618158 243.590030368
           2
           1
           0           1
           1
           1
           0           1
           2
           0
7.70479087364 32.6371489153 244.246764787
           2
           1
           0           1
           1
           1
           0           1
           2
           0
     2.72000    32.64270   244.24380     1.00000     0.50000     0.50000
           2
           1
           0           1
           1
           1
           0           1
           2
           0
8.17943099115 34.3498611777 243.194595496
           2
           1
           0           1
           1
           1
           0           1
           2
           0
11.2852556113 33.9332979203 242.998536219
           2
           1
           0           1
           1
           1
           0           1
           2
           0
     4.35000    32.55130   244.27580     1.00000     0.50000     0.50000
           2
           1
           0           1
           1
           1
           0           1
           2
           0
7.97075519132 32.9329106463 244.450865977
           2
           1
           0           1
           1
           1
           0           1
           2
           0
5.65878719557 32.6256238335 244.028575692
           2
           1
           0           1
           1
           1
           0           1
           2
           0
     0.18000    32.70620   244.03500     1.00000     0.50000     0.50000
           2
           1
           0           1
           1
           1
           0           1
           2
           0
     2.15000    32.62030   244.20000     1.00000     0.50000     0.50000
           2
           1
           0           1
           1
           1
           0           1
           2
           0
12.8371997434 32.9561929357 244.380437366
           2
           1
           0           1
           1
           1
           0           1
           2
           0
     2.15000    32.63680   244.25380     1.00000     0.50000     0.50000
           2
           1
           0           1
           1
           1
           0           1
           2
           0
8.02053322467 32.7028460615 244.097704523
           2
           1
           0           1
           1
           1
           0           1
           2
           0
15.3416981455 33.0353004485 244.413685076
           2
           1
           0           1
           1
           1
           0           1
           2
           0
     4.74000    32.67400   244.19720     1.00000     0.50000     0.50000
           2
           1
           0           1
           1
           1
           0           1
           2
           0
7.2611202127 34.2063122269 242.620939142
           2
           1
           0           1
           1
           1
           0           1
           2
           0
10.1040168777 33.0626855794 244.339454535
           2
           1
           0           1
           1
           1
           0           1
           2
           0
9.50940023334 34.0455043509 242.847490956
           2
           1
           0           1
           1
           1
           0           1
           2
           0
     2.23000    32.77200   243.91180     1.00000     0.50000     0.50000
           2
           1
           0           1
           1
           1
           0           1
           2
           0
6.86479577153 32.7943026787 244.075739435
           2
           1
           0           1
           1
           1
           0           1
           2
           0
21.338969182 33.9275694675 243.398213261
           2
           1
           0           1
           1
           1
           0           1
           2
           0
5.55777481986 32.5596565684 244.227660823
           2
           1
           0           1
           1
           1
           0           1
           2
           0
13.9698320364 33.9690080511 243.183211159
           2
           1
           0           1
           1
           1
           0           1
           2
           0
     3.47000    32.68900   244.05051     1.00000     0.50000     0.50000
           2
           1
           0           1
           1
           1
           0           1
           2
           0
     3.90000    33.16330   244.36369     1.00000     0.50000     0.50000
           2
           1
           0           1
           1
           1
           0           1
           2
           0
     4.67000    32.61420   244.23151     1.00000     0.50000     0.50000
           2
           1
           0           1
           1
           1
           0           1
           2
           0
21.8714400861 33.5716039544 243.417607328
           2
           1
           0           1
           1
           1
           0           1
           2
           0
12.0778542502 33.3862227816 243.522926113
           2
           1
           0           1
           1
           1
           0           1
           2
           0
     0.02000    32.70780   244.19321     1.00000     0.50000     0.50000
           2
           1
           0           1
           1
           1
           0           1
           2
           0
14.3609321337 33.4564813749 242.96380419
           2
           1
           0           1
           1
           1
           0           1
           2
           0
     1.49000    32.66180   244.19130     1.00000     0.50000     0.50000
           2
           1
           0           1
           1
           1
           0           1
           2
           0
15.4349549185 32.8936282076 244.546396966
           2
           1
           0           1
           1
           1
           0           1
           2
           0
14.2917232847 33.4319059885 243.533794442
           2
           1
           0           1
           1
           1
           0           1
           2
           0
16.5790364996 33.2701758562 243.980191734
           2
           1
           0           1
           1
           1
           0           1
           2
           0
     4.86000    32.60300   244.22830     1.00000     0.50000     0.50000
           2
           1
           0           1
           1
           1
           0           1
           2
           0
8.10630238358 32.9006727725 244.310525103
           2
           1
           0           1
           1
           1
           0           1
           2
           0
3.00566778739 32.749768263 244.192019536
           2
           1
           0           1
           1
           1
           0           1
           2
           0
13.2177230417 32.9585102138 244.473756574
           2
           1
           0           1
           1
           1
           0           1
           2
           0
10.4269425909 32.6757613413 244.240495442
           2
           1
           0           1
           1
           1
           0           1
           2
           0
     4.64000    33.18600   244.39349     1.00000     0.50000     0.50000
           2
           1
           0           1
           1
           1
           0           1
           2
           0
     4.24000    32.68570   244.17450     1.00000     0.50000     0.50000
           2
           1
           0           1
           1
           1
           0           1
           2
           0
18.4468660022 33.9734391343 242.63792857
           2
           1
           0           1
           1
           1
           0           1
           2
           0
     3.72000    33.22120   243.92329     1.00000     0.50000     0.50000
           2
           1
           0           1
           1
           1
           0           1
           2
           0
9.25448602864 32.9254122602 243.695522276
           2
           1
           0           1
           1
           1
           0           1
           2
           0
10.0128630833 33.8591568693 242.407258289
           2
           1
           0           1
           1
           1
           0           1
           2
           0
     3.19000    32.60530   244.19670     1.00000     0.50000     0.50000
           2
           1
           0           1
           1
           1
           0           1
           2
           0
8.53263237614 32.6275674078 244.215544571
           2
           1
           0           1
           1
           1
           0           1
           2
           0
     3.57000    32.71680   244.05499     1.00000     0.50000     0.50000
           2
           1
           0           1
           1
           1
           0           1
           2
           0
8.04847542191 33.130887392 243.94245102
           2
           1
           0           1
           1
           1
           0           1
           2
           0
17.7223401451 33.963690978 242.151137751
           2
           1
           0           1
           1
           1
           0           1
           2
           0
     4.06000    33.18980   244.38100     1.00000     0.50000     0.50000
           2
           1
           0           1
           1
           1
           0           1
           2
           0
11.435618625 33.9777768116 243.004044573
           2
           1
           0           1
           1
           1
           0           1
           2
           0
     4.11000    33.31800   244.27730     1.00000     0.50000     0.50000
           2
           1
           0           1
           1
           1
           0           1
           2
           0
14.5545136438 34.106657432 243.64753578
           2
           1
           0           1
           1
           1
           0           1
           2
           0
14.1821906937 33.1579226668 244.02104257
           2
           1
           0           1
           1
           1
           0           1
           2
           0
14.2756504988 33.241703623 243.613759813
           2
           1
           0           1
           1
           1
           0           1
           2
           0
     2.98000    32.65670   244.22420     1.00000     0.50000     0.50000
           2
           1
           0           1
           1
           1
           0           1
           2
           0
     0.89000    32.75180   244.12399     1.00000     0.50000     0.50000
           2
           1
           0           1
           1
           1
           0           1
           2
           0
7.22333928922 33.2856568899 244.461635574
           2
           1
           0           1
           1
           1
           0           1
           2
           0
13.1966618178 33.2868382259 243.816158946
           2
           1
           0           1
           1
           1
           0           1
           2
           0
     3.33000    33.19070   244.40601     1.00000     0.50000     0.50000
           2
           1
           0           1
           1
           1
           0           1
           2
           0
8.88960752036 33.3776243195 243.660071981
           2
           1
           0           1
           1
           1
           0           1
           2
           0
     3.32000    34.31450   243.14529     1.00000     0.50000     0.50000
           2
           1
           0           1
           1
           1
           0           1
           2
           0
19.8436429503 33.1206330533 243.877746523
           2
           1
           0           1
           1
           1
           0           1
           2
           0
10.1247062773 32.5785871772 244.261075663
           2
           1
           0           1
           1
           1
           0           1
           2
           0
     3.84000    32.64070   244.15179     1.00000     0.50000     0.50000
           2
           1
           0           1
           1
           1
           0           1
           2
           0
6.11124101016 34.2410144899 242.400018526
           2
           1
           0           1
           1
           1
           0           1
           2
           0
16.9171281914 33.6623660883 243.303260568
           2
           1
           0           1
           1
           1
           0           1
           2
           0
     4.95000    33.16800   244.36620     1.00000     0.50000     0.50000
           2
           1
           0           1
           1
           1
           0           1
           2
           0
     4.49000    32.62970   244.25571     1.00000     0.50000     0.50000
           2
           1
           0           1
           1
           1
           0           1
           2
           0
13.9758140292 33.7059293937 243.139695506
           2
           1
           0           1
           1
           1
           0           1
           2
           0
8.38688671446 32.9929196728 244.340837705
           2
           1
           0           1
           1
           1
           0           1
           2
           0
3.0405418185 34.2335028912 243.156963941
           2
           1
           0           1
           1
           1
           0           1
           2
           0
     3.96000    33.19030   244.35730     1.00000     0.50000     0.50000
           2
           1
           0           1
           1
           1
           0           1
           2
           0
6.84871506186 32.8020394468 244.128901462
           2
           1
           0           1
           1
           1
           0           1
           2
           0
15.4667067475 32.5642938166 244.16843178
           2
           1
           0           1
           1
           1
           0           1
           2
           0
15.8236945407 33.552475807 243.561764564
           2
           1
           0           1
           1
           1
           0           1
           2
           0
4.37219626201 32.5076757628 244.328838923
           2
           1
           0           1
           1
           1
           0           1
           2
           0
12.398168323 32.7095035319 244.082564438
           2
           1
           0           1
           1
           1
           0           1
           2
           0
     3.20000    32.57970   244.22099     1.00000     0.50000     0.50000
           2
           1
           0           1
           1
           1
           0           1
           2
           0
10.5020991946 32.7132996014 244.099534823
           2
           1
           0           1
           1
           1
           0           1
           2
           0
     4.70000    32.64920   244.21420     1.00000     0.50000     0.50000
           2
           1
           0           1
           1
           1
           0           1
           2
           0
7.87428429645 33.0172648308 243.570095962
           2
           1
           0           1
           1
           1
           0           1
           2
           0
     4.71000    32.60480   244.29230     1.00000     0.50000     0.50000
           2
           1
           0           1
           1
           1
           0           1
           2
           0
10.1683685349 34.0597902734 242.044672872
           2
           1
           0           1
           1
           1
           0           1
           2
           0
6.03911610129 34.1731111053 242.464325603
           2
           1
           0           1
           1
           1
           0           1
           2
           0
1.02299175324 33.085663723 243.863504465
           2
           1
           0           1
           1
           1
           0           1
           2
           0
9.5949813722 33.6970385834 243.129947094
           2
           1
           0           1
           1
           1
           0           1
           2
           0
15.6225935312 33.3674340149 243.386483062
           2
           1
           0           1
           1
           1
           0           1
           2
           0
9.09072509418 33.2570022444 243.573041435
           2
           1
           0           1
           1
           1
           0           1
           2
           0
6.72505564719 32.842181467 243.930918087
           2
           1
           0           1
           1
           1
           0           1
           2
           0
10.0711587871 32.6107607115 244.148060349
           2
           1
           0           1
           1
           1
           0           1
           2
           0
7.06625758872 32.7981784698 243.826336987
           2
           1
           0           1
           1
           1
           0           1
           2
           0
2.03763887071 32.7102808187 244.030684933
           2
           1
           0           1
           1
           1
           0           1
           2
           0
     0.05000    32.60420   244.20520     1.00000     0.50000     0.50000
           2
           1
           0           1
           1
           1
           0           1
           2
           0
10.599069727 33.9238178531 242.984919115
           2
           1
           0           1
           1
           1
           0           1
           2
           0
     4.05000    34.31600   243.15370     1.00000     0.50000     0.50000
           2
           1
           0           1
           1
           1
           0           1
           2
           0
1.78177624726 32.6097115201 244.164056543
           2
           1
           0           1
           1
           1
           0           1
           2
           0
     1.69000    32.72180   244.13229     1.00000     0.50000     0.50000
           2
           1
           0           1
           1
           1
           0           1
           2
           0
9.31958858472 34.0914860159 243.34132685
           2
           1
           0           1
           1
           1
           0           1
           2
           0
10.8637706437 33.0175080591 243.948434258
           2
           1
           0           1
           1
           1
           0           1
           2
           0
14.5074718579 33.8167935427 243.291083436
           2
           1
           0           1
           1
           1
           0           1
           2
           0
     3.52000    32.65880   244.18820     1.00000     0.50000     0.50000
           2
           1
           0           1
           1
           1
           0           1
           2
           0
     0.71000    32.60880   244.24120     1.00000     0.50000     0.50000
           2
           1
           0           1
           1
           1
           0           1
           2
           0
     0.66000    32.67250   244.14349     1.00000     0.50000     0.50000
           2
           1
           0           1
           1
           1
           0           1
           2
           0
3.53205979775 32.6998727926 244.073330021
           2
           1
           0           1
           1
           1
           0           1
           2
           0
     0.02000    32.63630   244.20050     1.00000     0.50000     0.50000
           2
           1
           0           1
           1
           1
           0           1
           2
           0
8.28754505479 33.1219430302 243.792377849
           2
           1
           0           1
           1
           1
           0           1
           2
           0
3.10624998057 32.6191708348 244.201533774
           2
           1
           0           1
           1
           1
           0           1
           2
           0
     2.51000    33.25430   243.92450     1.00000     0.50000     0.50000
           2
           1
           0           1
           1
           1
           0           1
           2
           0
9.84237031642 32.6789134577 244.171866283
           2
           1
           0           1
           1
           1
           0           1
           2
           0
     0.62000    33.89920   242.22200     1.00000     0.50000     0.50000
           2
           1
           0           1
           1
           1
           0           1
           2
           0
1.33618660777 32.9403654719 243.52303434
           2
           1
           0           1
           1
           1
           0           1
           2
           0
19.3034651912 34.0063631421 243.237453325
           2
           1
           0           1
           1
           1
           0           1
           2
           0
     4.50000    32.69530   244.21899     1.00000     0.50000     0.50000
           2
           1
           0           1
           1
           1
           0           1
           2
           0
     0.00000    32.63320   244.24480     1.00000     0.50000     0.50000
           2
           1
           0           1
           1
           1
           0           1
           2
           0
9.49507448662 32.5824511741 244.066196285
           2
           1
           0           1
           1
           1
           0           1
           2
           0
10.8976819182 32.7114711095 244.218170393
           2
           1
           0           1
           1
           1
           0           1
           2
           0
     3.33000    32.54530   244.29469     1.00000     0.50000     0.50000
           2
           1
           0           1
           1
           1
           0           1
           2
           0
5.40822217374 32.682021334 244.132780914
           2
           1
           0           1
           1
           1
           0           1
           2
           0
18.1901263183 33.8916884371 243.357211642
           2
           1
           0           1
           1
           1
           0           1
           2
           0
     3.63000    32.70820   244.12630     1.00000     0.50000     0.50000
           2
           1
           0           1
           1
           1
           0           1
           2
           0
     4.55000    33.86850   242.14630     1.00000     0.50000     0.50000
           2
           1
           0           1
           1
           1
           0           1
           2
           0
     4.54000    34.30220   243.16029     1.00000     0.50000     0.50000
           2
           1
           0           1
           1
           1
           0           1
           2
           0
     4.67000    33.18250   244.37900     1.00000     0.50000     0.50000
           2
           1
           0           1
           1
           1
           0           1
           2
           0
6.51552354871 34.245028775 243.045538875
           2
           1
           0           1
           1
           1
           0           1
           2
           0
     3.64000    32.62820   244.20630     1.00000     0.50000     0.50000
           2
           1
           0           1
           1
           1
           0           1
           2
           0
13.3759023781 32.6293187804 244.258869483
           2
           1
           0           1
           1
           1
           0           1
           2
           0
     4.14000    34.29830   243.16670     1.00000     0.50000     0.50000
           2
           1
           0           1
           1
           1
           0           1
           2
           0
7.29201461895 32.8101960125 244.151504458
           2
           1
           0           1
           1
           1
           0           1
           2
           0
7.95821359777 33.4816285222 243.323811487
           2
           1
           0           1
           1
           1
           0           1
           2
           0
     1.00000    32.68700   244.16071     1.00000     0.50000     0.50000
           2
           1
           0           1
           1
           1
           0           1
           2
           0
     1.39000    32.68970   244.02780     1.00000     0.50000     0.50000
           2
           1
           0           1
           1
           1
           0           1
           2
           0
     2.55000    32.67520   244.16879     1.00000     0.50000     0.50000
           2
           1
           0           1
           1
           1
           0           1
           2
           0
1.13891632897 34.2696163502 243.107552504
           2
           1
           0           1
           1
           1
           0           1
           2
           0
11.6729575353 33.4953665549 242.827822854
           2
           1
           0           1
           1
           1
           0           1
           2
           0
13.2590536649 33.3467551592 243.706835512
           2
           1
           0           1
           1
           1
           0           1
           2
           0
9.48425850078 32.5897617106 244.176243831
           2
           1
           0           1
           1
           1
           0           1
           2
           0
     0.84000    32.72720   244.09351     1.00000     0.50000     0.50000
           2
           1
           0           1
           1
           1
           0           1
           2
           0
     4.53000    32.68200   244.09380     1.00000     0.50000     0.50000
           2
           1
           0           1
           1
           1
           0           1
           2
           0
     4.94000    32.66720   244.19901     1.00000     0.50000     0.50000
           2
           1
           0           1
           1
           1
           0           1
           2
           0
9.9599097929 32.742235342 244.195791516
           2
           1
           0           1
           1
           1
           0           1
           2
           0
     1.94000    32.72970   244.00681     1.00000     0.50000     0.50000
           2
           1
           0           1
           1
           1
           0           1
           2
           0
     3.96000    32.59450   244.21700     1.00000     0.50000     0.50000
           2
           1
           0           1
           1
           1
           0           1
           2
           0
13.6432935899 32.8356199126 244.455741652
           2
           1
           0           1
           1
           1
           0           1
           2
           0
15.153743686 33.9126131865 242.316591769
           2
           1
           0           1
           1
           1
           0           1
           2
           0
19.31861672 33.8867598248 243.371566169
           2
           1
           0           1
           1
           1
           0           1
           2
           0
11.155063496 33.6796875953 243.871852479
           2
           1
           0           1
           1
           1
           0           1
           2
           0
14.9928795772 33.1021159272 244.4104849
           2
           1
           0           1
           1
           1
           0           1
           2
           0
17.4841293008 33.9216494084 242.991010387
           2
           1
           0           1
           1
           1
           0           1
           2
           0
     2.45000    33.20380   244.44020     1.00000     0.50000     0.50000
           2
           1
           0           1
           1
           1
           0           1
           2
           0
7.40737063977 33.2305882194 243.686427574
           2
           1
           0           1
           1
           1
           0           1
           2
           0
8.40634118153 32.8537794678 243.745680598
           2
           1
           0           1
           1
           1
           0           1
           2
           0
     3.97000    32.62720   244.29480     1.00000     0.50000     0.50000
           2
           1
           0           1
           1
           1
           0           1
           2
           0
18.724130084 32.9408880815 244.557415345
           2
           1
           0           1
           1
           1
           0           1
           2
           0
     3.09000    32.64570   244.20830     1.00000     0.50000     0.50000
           2
           1
           0           1
           1
           1
           0           1
           2
           0
13.4651450027 33.0206605493 244.35340465
           2
           1
           0           1
           1
           1
           0           1
           2
           0
     4.36000    34.34520   243.54150     1.00000     0.50000     0.50000
           2
           1
           0           1
           1
           1
           0           1
           2
           0
     4.08000    34.32470   243.14250     1.00000     0.50000     0.50000
           2
           1
           0           1
           1
           1
           0           1
           2
           0
17.653441167 34.0064931962 243.151690403
           2
           1
           0           1
           1
           1
           0           1
           2
           0
7.75165510384 33.0559837744 243.642986207
           2
           1
           0           1
           1
           1
           0           1
           2
           0
     4.71000    32.67070   244.18401     1.00000     0.50000     0.50000
           2
           1
           0           1
           1
           1
           0           1
           2
           0
8.6689648294 33.0951447036 243.732003613
           2
           1
           0           1
           1
           1
           0           1
           2
           0
     4.78000    33.15530   244.00900     1.00000     0.50000     0.50000
           2
           1
           0           1
           1
           1
           0           1
           2
           0
12.623131867 34.3821437847 243.32355867
           2
           1
           0           1
           1
           1
           0           1
           2
           0
     3.87000    32.65880   244.17450     1.00000     0.50000     0.50000
           2
           1
           0           1
           1
           1
           0           1
           2
           0
11.8265706126 34.3384892424 243.083448216
           2
           1
           0           1
           1
           1
           0           1
           2
           0
     4.95000    34.30770   243.15421     1.00000     0.50000     0.50000
           2
           1
           0           1
           1
           1
           0           1
           2
           0
     3.02000    32.57970   244.21120     1.00000     0.50000     0.50000
           2
           1
           0           1
           1
           1
           0           1
           2
           0
6.70451141746 33.4534979294 243.522666697
           2
           1
           0           1
           1
           1
           0           1
           2
           0
     0.19000    32.55180   244.25549     1.00000     0.50000     0.50000
           2
           1
           0           1
           1
           1
           0           1
           2
           0
12.1623457642 33.0001220484 244.254972065
           2
           1
           0           1
           1
           1
           0           1
           2
           0
     0.96000    32.65170   244.22900     1.00000     0.50000     0.50000
           2
           1
           0           1
           1
           1
           0           1
           2
           0
     4.25000    34.34020   243.35750     1.00000     0.50000     0.50000
           2
           1
           0           1
           1
           1
           0           1
           2
           0
13.7323142544 34.0152410061 243.337301014
           2
           1
           0           1
           1
           1
           0           1
           2
           0
0.626705898549 33.7916034712 243.988270626
           2
           1
           0           1
           1
           1
           0           1
           2
           0
     2.23000    32.62300   244.23930     1.00000     0.50000     0.50000
           2
           1
           0           1
           1
           1
           0           1
           2
           0
     0.17000    32.70730   244.08549     1.00000     0.50000     0.50000
           2
           1
           0           1
           1
           1
           0           1
           2
           0
     2.87000    32.62180   244.24670     1.00000     0.50000     0.50000
           2
           1
           0           1
           1
           1
           0           1
           2
           0
20.8902515799 33.032414467 243.503404343
           2
           1
           0           1
           1
           1
           0           1
           2
           0
9.26136027552 32.6115227531 244.118263041
           2
           1
           0           1
           1
           1
           0           1
           2
           0
     2.51000    33.22130   243.98250     1.00000     0.50000     0.50000
           2
           1
           0           1
           1
           1
           0           1
           2
           0
5.86993959595 32.5299663964 244.257474087
           2
           1
           0           1
           1
           1
           0           1
           2
           0
     3.68000    33.23880   244.40649     1.00000     0.50000     0.50000
           2
           1
           0           1
           1
           1
           0           1
           2
           0
     2.99000    32.63930   244.20450     1.00000     0.50000     0.50000
           2
           1
           0           1
           1
           1
           0           1
           2
           0
5.8405728465 32.9078873386 243.857688794
           2
           1
           0           1
           1
           1
           0           1
           2
           0
-1.43631641126 33.2589285046 244.349854999
           2
           1
           0           1
           1
           1
           0           1
           2
           0
8.7389405578 32.614877737 244.174146335
           2
           1
           0           1
           1
           1
           0           1
           2
           0
     2.05000    32.63180   244.22650     1.00000     0.50000     0.50000
           2
           1
           0           1
           1
           1
           0           1
           2
           0
9.36432340037 32.4376497603 244.322106743
           2
           1
           0           1
           1
           1
           0           1
           2
           0
     4.31000    32.58800   244.24071     1.00000     0.50000     0.50000
           2
           1
           0           1
           1
           1
           0           1
           2
           0
     4.53000    34.32120   243.36079     1.00000     0.50000     0.50000
           2
           1
           0           1
           1
           1
           0           1
           2
           0
2.88821032927 34.2343112234 243.638968865
           2
           1
           0           1
           1
           1
           0           1
           2
           0
     2.52000    32.61900   244.24820     1.00000     0.50000     0.50000
           2
           1
           0           1
           1
           1
           0           1
           2
           0
7.33776378841 32.7244992393 243.954906283
           2
           1
           0           1
           1
           1
           0           1
           2
           0
10.8460729327 33.3638379555 243.812520509
           2
           1
           0           1
           1
           1
           0           1
           2
           0
7.13223744865 33.0207030501 244.326888177
           2
           1
           0           1
           1
           1
           0           1
           2
           0
3.98805253281 32.8189578974 244.051394034
           2
           1
           0           1
           1
           1
           0           1
           2
           0
     2.46000    32.72400   244.03819     1.00000     0.50000     0.50000
           2
           1
           0           1
           1
           1
           0           1
           2
           0
11.706132584 32.6127337084 244.261380679
           2
           1
           0           1
           1
           1
           0           1
           2
           0
8.09140362346 33.8136832122 242.475045104
           2
           1
           0           1
           1
           1
           0           1
           2
           0
     0.56000    33.23480   244.32570     1.00000     0.50000     0.50000
           2
           1
           0           1
           1
           1
           0           1
           2
           0
     4.69000    33.19770   244.40021     1.00000     0.50000     0.50000
           2
           1
           0           1
           1
           1
           0           1
           2
           0
     4.03000    32.67780   244.14481     1.00000     0.50000     0.50000
           2
           1
           0           1
           1
           1
           0           1
           2
           0
     1.73000    33.18580   244.39169     1.00000     0.50000     0.50000
           2
           1
           0           1
           1
           1
           0           1
           2
           0
     2.76000    32.85070   243.97470     1.00000     0.50000     0.50000
           2
           1
           0           1
           1
           1
           0           1
           2
           0
     2.01000    33.05330   244.09680     1.00000     0.50000     0.50000
           2
           1
           0           1
           1
           1
           0           1
           2
           0
17.7226347426 33.4797149843 243.399724533
           2
           1
           0           1
           1
           1
           0           1
           2
           0
12.7012353659 33.3384881367 243.542179677
           2
           1
           0           1
           1
           1
           0           1
           2
           0
     4.22000    32.66280   244.15630     1.00000     0.50000     0.50000
           2
           1
           0           1
           1
           1
           0           1
           2
           0
     0.06000    32.69970   244.14970     1.00000     0.50000     0.50000
           2
           1
           0           1
           1
           1
           0           1
           2
           0
16.9013250031 32.9531525723 243.662647994
           2
           1
           0           1
           1
           1
           0           1
           2
           0
8.88475262975 33.6862399929 242.236003085
           2
           1
           0           1
           1
           1
           0           1
           2
           0
-0.351103606295 33.834230688 242.197023564
           2
           1
           0           1
           1
           1
           0           1
           2
           0
     1.33000    33.07230   244.06821     1.00000     0.50000     0.50000
           2
           1
           0           1
           1
           1
           0           1
           2
           0
     4.82000    34.30120   243.15030     1.00000     0.50000     0.50000
           2
           1
           0           1
           1
           1
           0           1
           2
           0
14.7271538291 32.562022497 244.327780134
           2
           1
           0           1
           1
           1
           0           1
           2
           0
     4.52000    32.60470   244.22231     1.00000     0.50000     0.50000
           2
           1
           0           1
           1
           1
           0           1
           2
           0
12.4463465582 34.1510945089 242.474382682
           2
           1
           0           1
           1
           1
           0           1
           2
           0
15.5119524384 32.6693404205 244.116849341
           2
           1
           0           1
           1
           1
           0           1
           2
           0
14.6759747583 32.8853221031 244.503386782
           2
           1
           0           1
           1
           1
           0           1
           2
           0
13.6907471571 33.3544556426 243.735905836
           2
           1
           0           1
           1
           1
           0           1
           2
           0
     1.60000    32.73370   244.04649     1.00000     0.50000     0.50000
           2
           1
           0           1
           1
           1
           0           1
           2
           0
6.34093880217 32.5359521227 244.425932478
           2
           1
           0           1
           1
           1
           0           1
           2
           0
     4.32000    33.16170   244.35280     1.00000     0.50000     0.50000
           2
           1
           0           1
           1
           1
           0           1
           2
           0
     0.70000    33.15970   244.33980     1.00000     0.50000     0.50000
           2
           1
           0           1
           1
           1
           0           1
           2
           0
8.03088977332 34.3793547283 243.173377943
           2
           1
           0           1
           1
           1
           0           1
           2
           0
15.0801961892 34.3824478514 243.121598976
           2
           1
           0           1
           1
           1
           0           1
           2
           0
     3.28000    32.61250   244.22000     1.00000     0.50000     0.50000
           2
           1
           0           1
           1
           1
           0           1
           2
           0
14.1506892813 32.5673343998 244.217438825
           2
           1
           0           1
           1
           1
           0           1
           2
           0
23.152223693 34.1569922187 242.910108117
           2
           1
           0           1
           1
           1
           0           1
           2
           0
     4.90000    32.60570   244.27521     1.00000     0.50000     0.50000
           2
           1
           0           1
           1
           1
           0           1
           2
           0
7.61140279752 34.3286839551 243.499853056
           2
           1
           0           1
           1
           1
           0           1
           2
           0
     1.08000    32.82580   244.01601     1.00000     0.50000     0.50000
           2
           1
           0           1
           1
           1
           0           1
           2
           0
     3.38000    34.40470   243.54221     1.00000     0.50000     0.50000
           2
           1
           0           1
           1
           1
           0           1
           2
           0
11.62116937 33.1945813985 243.699210803
           2
           1
           0           1
           1
           1
           0           1
           2
           0
16.7632911722 33.0407889173 243.442384462
           2
           1
           0           1
           1
           1
           0           1
           2
           0
     1.75000    32.68380   244.18221     1.00000     0.50000     0.50000
           2
           1
           0           1
           1
           1
           0           1
           2
           0
     2.91000    32.59920   244.21780     1.00000     0.50000     0.50000
           2
           1
           0           1
           1
           1
           0           1
           2
           0
15.5086176327 33.2995053718 243.090914999
           2
           1
           0           1
           1
           1
           0           1
           2
           0
     2.89000    34.03300   243.55750     1.00000     0.50000     0.50000
           2
           1
           0           1
           1
           1
           0           1
           2
           0
19.8329873432 33.8979316761 243.241682747
           2
           1
           0           1
           1
           1
           0           1
           2
           0
16.934615583 32.6014808116 244.155772352
           2
           1
           0           1
           1
           1
           0           1
           2
           0
8.69536914568 34.1390364148 242.611081711
           2
           1
           0           1
           1
           1
           0           1
           2
           0
     3.27000    34.32680   243.24001     1.00000     0.50000     0.50000
           2
           1
           0           1
           1
           1
           0           1
           2
           0
6.13182496852 33.1970273562 243.879731949
           2
           1
           0           1
           1
           1
           0           1
           2
           0
2.35955861926 33.6981280762 242.118034393
           2
           1
           0           1
           1
           1
           0           1
           2
           0
     4.91000    33.17480   244.36880     1.00000     0.50000     0.50000
           2
           1
           0           1
           1
           1
           0           1
           2
           0
12.9936023676 33.4081255865 243.682364175
           2
           1
           0           1
           1
           1
           0           1
           2
           0
     3.69000    32.63800   244.17470     1.00000     0.50000     0.50000
           2
           1
           0           1
           1
           1
           0           1
           2
           0
     3.78000    32.72320   244.10730     1.00000     0.50000     0.50000
           2
           1
           0           1
           1
           1
           0           1
           2
           0
     4.79000    33.27770   243.98669     1.00000     0.50000     0.50000
           2
           1
           0           1
           1
           1
           0           1
           2
           0
     4.95000    33.53400   244.12151     1.00000     0.50000     0.50000
           2
           1
           0           1
           1
           1
           0           1
           2
           0
16.9416764996 33.9936244205 242.885717772
           2
           1
           0           1
           1
           1
           0           1
           2
           0
     3.34000    32.65850   244.13550     1.00000     0.50000     0.50000
           2
           1
           0           1
           1
           1
           0           1
           2
           0
7.66844957994 32.632150891 244.216513086
           2
           1
           0           1
           1
           1
           0           1
           2
           0
     2.11000    33.04120   244.07880     1.00000     0.50000     0.50000
           2
           1
           0           1
           1
           1
           0           1
           2
           0
10.4806842344 34.2646028637 242.632964991
           2
           1
           0           1
           1
           1
           0           1
           2
           0
4.05192614572 33.9153440597 243.706071459
           2
           1
           0           1
           1
           1
           0           1
           2
           0
10.6386786698 33.3356194947 243.793021874
           2
           1
           0           1
           1
           1
           0           1
           2
           0
     1.08000    32.62600   244.21381     1.00000     0.50000     0.50000
           2
           1
           0           1
           1
           1
           0           1
           2
           0
5.84750993128 33.2709333554 243.188300042
           2
           1
           0           1
           1
           1
           0           1
           2
           0
15.826510919 32.86139118 244.276167631
           2
           1
           0           1
           1
           1
           0           1
           2
           0
     4.57000    32.61300   244.10970     1.00000     0.50000     0.50000
           2
           1
           0           1
           1
           1
           0           1
           2
           0
6.767967291 32.8193503495 244.110050809
           2
           1
           0           1
           1
           1
           0           1
           2
           0
     2.41000    33.27570   243.54150     1.00000     0.50000     0.50000
           2
           1
           0           1
           1
           1
           0           1
           2
           0
18.561802973 33.9028259319 242.145718427
           2
           1
           0           1
           1
           1
           0           1
           2
           0
8.30829859959 33.8700301482 243.087133035
           2
           1
           0           1
           1
           1
           0           1
           2
           0
0.651140781184 32.670821597 244.170045061
           2
           1
           0           1
           1
           1
           0           1
           2
           0
2.91761110624 34.1840839825 242.475113968
           2
           1
           0           1
           1
           1
           0           1
           2
           0
20.2219545351 33.2702177017 243.487393399
           2
           1
           0           1
           1
           1
           0           1
           2
           0
9.72970628844 34.1624997788 243.197007693
           2
           1
           0           1
           1
           1
           0           1
           2
