474
32.6678 244.189 9.27 0.5 0.5 1.0
1
1 1 pick.14612620p
32.64 244.0958 10.64 0.5 0.5 1.0
1
1 1 pick.14002104p
32.8692 243.7937 5.52 0.5 0.5 1.0
1
1 1 pick.10836685p
32.6648 244.036 5.11 0.5 0.5 1.0
1
1 1 pick.10906957p
33.8908 242.192 10.66 0.5 0.5 1.0
1
1 1 pick.10231057p
32.6928 244.049 14.16 0.5 0.5 1.0
1
1 1 pick.14746452p
32.8025 244.5473 15.07 0.5 0.5 1.0
1
1 1 pick.9994709p
32.6122 244.2217 0.15 0.5 0.5 1.0
1
1 1 pick.14618228p
33.9552 242.79 14.12 0.5 0.5 1.0
1
1 1 pick.14177420p
34.3192 243.1592 3.14 0.5 0.5 1.0
1
1 1 pick.13939752p
34.3225 243.1637 4.17 0.5 0.5 1.0
1
1 1 pick.9800537p
32.7227 244.1555 1.69 0.5 0.5 1.0
1
1 1 pick.14610980p
32.9145 243.6485 11.02 0.5 0.5 1.0
1
1 1 pick.10764373p
32.6907 244.1298 3.56 0.5 0.5 1.0
1
1 1 pick.14686164p
34.2195 243.4233 11.84 0.5 0.5 1.0
1
1 1 pick.10759221p
34.3188 242.855 5.2 0.5 0.5 1.0
1
1 1 pick.9853845p
33.2503 243.5658 3.78 0.5 0.5 1.0
1
1 1 pick.14442760p
33.1718 244.3505 3.2 0.5 0.5 1.0
1
1 1 pick.9878209p
33.7097 243.2255 17.58 0.5 0.5 1.0
1
1 1 pick.9993169p
33.154 243.9008 11.61 0.5 0.5 1.0
1
1 1 pick.14606524p
33.2987 244.2745 4.56 0.5 0.5 1.0
1
1 1 pick.14433896p
32.651 244.255 3.65 0.5 0.5 1.0
1
1 1 pick.14609516p
34.4917 242.3428 9.05 0.5 0.5 1.0
1
1 1 pick.14204388p
32.6762 244.0698 5.43 0.5 0.5 1.0
1
1 1 pick.14395020p
32.6918 244.0845 1.89 0.5 0.5 1.0
1
1 1 pick.10725965p
32.5972 244.24 2.99 0.5 0.5 1.0
1
1 1 pick.14610380p
33.5255 243.2095 15.43 0.5 0.5 1.0
1
1 1 pick.14495088p
33.2255 244.3575 2.0 0.5 0.5 1.0
1
1 1 pick.10787333p
34.1285 242.5547 7.04 0.5 0.5 1.0
1
1 1 pick.10837365p
34.0515 242.749 15.18 0.5 0.5 1.0
1
1 1 pick.13931120p
33.4578 243.404 10.97 0.5 0.5 1.0
1
1 1 pick.14354228p
32.6052 244.2507 3.52 0.5 0.5 1.0
1
1 1 pick.14515412p
34.0968 242.692 17.15 0.5 0.5 1.0
1
1 1 pick.14008004p
32.639 244.2357 0.0 0.5 0.5 1.0
1
1 1 pick.10171022p
32.7158 244.0492 5.04 0.5 0.5 1.0
1
1 1 pick.14749420p
32.7427 244.0553 9.71 0.5 0.5 1.0
1
1 1 pick.14620148p
32.9828 243.6785 5.1 0.5 0.5 1.0
1
1 1 pick.10227409p
32.68 244.1122 3.26 0.5 0.5 1.0
1
1 1 pick.10765277p
32.664 244.1238 4.38 0.5 0.5 1.0
1
1 1 pick.10758157p
32.7115 244.0612 4.12 0.5 0.5 1.0
1
1 1 pick.10758029p
32.6695 244.1527 8.42 0.5 0.5 1.0
1
1 1 pick.14925764p
32.653 244.2208 3.76 0.5 0.5 1.0
1
1 1 pick.14615220p
34.3945 243.5397 5.57 0.5 0.5 1.0
1
1 1 pick.10541933p
32.73 244.0698 8.53 0.5 0.5 1.0
1
1 1 pick.10189330p
33.6175 243.2815 18.48 0.5 0.5 1.0
1
1 1 pick.14585612p
33.4063 243.5478 15.66 0.5 0.5 1.0
1
1 1 pick.10222217p
34.3192 243.5365 4.03 0.5 0.5 1.0
1
1 1 pick.10903197p
33.4615 244.2078 10.96 0.5 0.5 1.0
1
1 1 pick.9758449p
32.6507 243.988 0.91 0.5 0.5 1.0
1
1 1 pick.10233213p
33.7628 243.8598 2.2 0.5 0.5 1.0
1
1 1 pick.14958500p
32.5965 244.2272 11.44 0.5 0.5 1.0
1
1 1 pick.14612388p
32.6868 243.9508 8.22 0.5 0.5 1.0
1
1 1 pick.10258477p
32.6175 244.1938 0.67 0.5 0.5 1.0
1
1 1 pick.14620892p
32.6792 244.0757 5.97 0.5 0.5 1.0
1
1 1 pick.14395360p
32.663 244.2635 15.08 0.5 0.5 1.0
1
1 1 pick.14998780p
34.0072 243.3935 12.32 0.5 0.5 1.0
1
1 1 pick.10037109p
32.7588 244.3708 15.36 0.5 0.5 1.0
1
1 1 pick.14586036p
32.6858 244.1483 2.41 0.5 0.5 1.0
1
1 1 pick.14749508p
32.5642 244.2342 2.03 0.5 0.5 1.0
1
1 1 pick.14623108p
32.6835 244.1147 3.68 0.5 0.5 1.0
1
1 1 pick.14754004p
32.6752 244.2072 4.28 0.5 0.5 1.0
1
1 1 pick.10672677p
33.1805 244.3932 3.72 0.5 0.5 1.0
1
1 1 pick.14179028p
33.1658 244.3803 5.15 0.5 0.5 1.0
1
1 1 pick.14179284p
32.6328 244.0477 16.27 0.5 0.5 1.0
1
1 1 pick.10623749p
34.1347 242.2923 10.0 0.5 0.5 1.0
1
1 1 pick.14176972p
33.2587 243.6153 11.36 0.5 0.5 1.0
1
1 1 pick.9929513p
32.5853 244.2517 4.21 0.5 0.5 1.0
1
1 1 pick.14608116p
32.6867 243.992 13.47 0.5 0.5 1.0
1
1 1 pick.10542165p
33.9567 242.2402 15.19 0.5 0.5 1.0
1
1 1 pick.10343625p
33.1013 244.3942 13.78 0.5 0.5 1.0
1
1 1 pick.14207812p
33.6477 243.2325 12.56 0.5 0.5 1.0
1
1 1 pick.14242104p
32.9428 244.4465 15.19 0.5 0.5 1.0
1
1 1 pick.13966288p
32.724 244.0473 5.57 0.5 0.5 1.0
1
1 1 pick.10716469p
32.6162 244.184 1.26 0.5 0.5 1.0
1
1 1 pick.14618268p
32.617 244.305 10.83 0.5 0.5 1.0
1
1 1 pick.14740444p
33.1828 244.3885 3.51 0.5 0.5 1.0
1
1 1 pick.9907401p
33.2072 244.3973 3.74 0.5 0.5 1.0
1
1 1 pick.14178560p
33.3033 243.6093 13.53 0.5 0.5 1.0
1
1 1 pick.14517428p
32.6252 244.2433 5.01 0.5 0.5 1.0
1
1 1 pick.10673045p
32.6717 244.0793 5.43 0.5 0.5 1.0
1
1 1 pick.10354173p
33.4233 243.541 11.2 0.5 0.5 1.0
1
1 1 pick.10736261p
33.9443 243.633 7.16 0.5 0.5 1.0
1
1 1 pick.9830093p
32.5457 244.187 3.25 0.5 0.5 1.0
1
1 1 pick.10222041p
33.188 243.6808 12.83 0.5 0.5 1.0
1
1 1 pick.10861797p
32.7178 244.1097 1.3 0.5 0.5 1.0
1
1 1 pick.10587453p
33.2567 244.0147 4.43 0.5 0.5 1.0
1
1 1 pick.14466016p
32.6407 244.2152 6.2 0.5 0.5 1.0
1
1 1 pick.14625772p
32.5942 244.2783 9.05 0.5 0.5 1.0
1
1 1 pick.14697428p
32.6207 244.2338 2.7 0.5 0.5 1.0
1
1 1 pick.14609372p
32.6 244.2072 3.26 0.5 0.5 1.0
1
1 1 pick.14686452p
33.1412 244.0487 13.11 0.5 0.5 1.0
1
1 1 pick.14374924p
32.6815 244.0308 4.64 0.5 0.5 1.0
1
1 1 pick.14774340p
33.1578 244.4058 6.04 0.5 0.5 1.0
1
1 1 pick.12472516p
34.077 242.7038 15.9 0.5 0.5 1.0
1
1 1 pick.10327257p
32.656 244.1965 8.65 0.5 0.5 1.0
1
1 1 pick.10758845p
33.2523 243.9682 2.79 0.5 0.5 1.0
1
1 1 pick.10200565p
32.6427 244.202 0.72 0.5 0.5 1.0
1
1 1 pick.10605477p
32.6078 244.2595 5.16 0.5 0.5 1.0
1
1 1 pick.14611868p
34.217 243.6473 5.64 0.5 0.5 1.0
1
1 1 pick.10792461p
32.6572 244.2065 1.16 0.5 0.5 1.0
1
1 1 pick.10606485p
32.5185 244.253 4.83 0.5 0.5 1.0
1
1 1 pick.14072496p
33.522 243.4542 13.3 0.5 0.5 1.0
1
1 1 pick.14151376p
32.7613 244.4285 14.96 0.5 0.5 1.0
1
1 1 pick.14372768p
34.2907 243.5487 5.57 0.5 0.5 1.0
1
1 1 pick.10346365p
32.6497 243.9532 10.46 0.5 0.5 1.0
1
1 1 pick.14374980p
34.011 242.766 11.33 0.5 0.5 1.0
1
1 1 pick.13974436p
33.7638 244.1087 5.47 0.5 0.5 1.0
1
1 1 pick.10772069p
32.5852 244.2332 0.09 0.5 0.5 1.0
1
1 1 pick.10595493p
34.013 242.8315 11.61 0.5 0.5 1.0
1
1 1 pick.14176188p
32.616 244.1303 10.64 0.5 0.5 1.0
1
1 1 pick.10615157p
32.654 244.3498 4.9 0.5 0.5 1.0
1
1 1 pick.10493877p
33.0218 243.6307 6.98 0.5 0.5 1.0
1
1 1 pick.10793757p
33.0137 244.4493 8.11 0.5 0.5 1.0
1
1 1 pick.14898948p
32.6962 244.1222 4.78 0.5 0.5 1.0
1
1 1 pick.14724268p
32.7613 244.4677 6.0 0.5 0.5 1.0
1
1 1 pick.14383844p
32.6535 244.1707 6.57 0.5 0.5 1.0
1
1 1 pick.14720588p
33.377 243.5847 13.18 0.5 0.5 1.0
1
1 1 pick.9936797p
34.1152 243.0947 5.61 0.5 0.5 1.0
1
1 1 pick.14382496p
33.395 243.5777 11.43 0.5 0.5 1.0
1
1 1 pick.14749724p
33.9973 242.798 15.49 0.5 0.5 1.0
1
1 1 pick.14213064p
33.3062 244.3103 8.66 0.5 0.5 1.0
1
1 1 pick.14442688p
34.2217 242.9497 1.03 0.5 0.5 1.0
1
1 1 pick.14992276p
34.1068 242.6778 18.23 0.5 0.5 1.0
1
1 1 pick.14283012p
32.6537 244.2073 1.09 0.5 0.5 1.0
1
1 1 pick.14622732p
34.3177 243.1487 3.88 0.5 0.5 1.0
1
1 1 pick.13940452p
33.1813 244.402 4.5 0.5 0.5 1.0
1
1 1 pick.9517898p
32.6882 244.2262 10.51 0.5 0.5 1.0
1
1 1 pick.14720476p
33.0232 244.4543 14.11 0.5 0.5 1.0
1
1 1 pick.10963645p
34.454 243.1018 10.49 0.5 0.5 1.0
1
1 1 pick.12459732p
32.6078 244.2308 2.33 0.5 0.5 1.0
1
1 1 pick.10616461p
33.4883 243.5535 6.0 0.5 0.5 1.0
1
1 1 pick.14277496p
34.342 242.9907 4.46 0.5 0.5 1.0
1
1 1 pick.10220585p
32.638 244.2237 0.03 0.5 0.5 1.0
1
1 1 pick.10628949p
32.9415 243.496 9.47 0.5 0.5 1.0
1
1 1 pick.13947864p
32.5878 244.2172 1.09 0.5 0.5 1.0
1
1 1 pick.14627844p
34.2413 243.2202 4.9 0.5 0.5 1.0
1
1 1 pick.10834093p
32.667 244.2328 2.64 0.5 0.5 1.0
1
1 1 pick.10620957p
32.6117 244.2593 8.71 0.5 0.5 1.0
1
1 1 pick.14681164p
32.7167 244.175 9.1 0.5 0.5 1.0
1
1 1 pick.14774796p
32.696 243.976 3.28 0.5 0.5 1.0
1
1 1 pick.10619829p
32.7172 243.9858 6.7 0.5 0.5 1.0
1
1 1 pick.10599301p
32.6943 244.0972 0.0 0.5 0.5 1.0
1
1 1 pick.10188430p
33.1905 244.0375 10.02 0.5 0.5 1.0
1
1 1 pick.10930653p
32.5947 244.262 5.0 0.5 0.5 1.0
1
1 1 pick.14612140p
32.6413 244.1353 2.96 0.5 0.5 1.0
1
1 1 pick.14731420p
33.9168 242.2257 11.82 0.5 0.5 1.0
1
1 1 pick.9818453p
34.0112 242.4253 4.73 0.5 0.5 1.0
1
1 1 pick.14216708p
33.1733 244.3888 3.8 0.5 0.5 1.0
1
1 1 pick.9907313p
32.6893 244.1348 5.87 0.5 0.5 1.0
1
1 1 pick.14611388p
32.7138 244.0403 3.12 0.5 0.5 1.0
1
1 1 pick.14751100p
32.6188 244.2622 6.54 0.5 0.5 1.0
1
1 1 pick.14609124p
33.9847 243.0438 20.99 0.5 0.5 1.0
1
1 1 pick.10223545p
33.359 243.6023 10.41 0.5 0.5 1.0
1
1 1 pick.10187469p
32.7142 243.9422 6.38 0.5 0.5 1.0
1
1 1 pick.12471576p
32.661 244.253 10.05 0.5 0.5 1.0
1
1 1 pick.10177490p
32.6105 244.2137 3.72 0.5 0.5 1.0
1
1 1 pick.10759957p
34.0105 243.1412 19.42 0.5 0.5 1.0
1
1 1 pick.14861692p
32.922 244.1223 7.0 0.5 0.5 1.0
1
1 1 pick.14393916p
34.0972 242.7298 13.11 0.5 0.5 1.0
1
1 1 pick.14997468p
33.9778 242.2552 12.23 0.5 0.5 1.0
1
1 1 pick.10401201p
32.6195 244.2123 4.25 0.5 0.5 1.0
1
1 1 pick.14720180p
33.0995 244.1328 8.84 0.5 0.5 1.0
1
1 1 pick.9998029p
32.6537 244.2003 3.0 0.5 0.5 1.0
1
1 1 pick.14612372p
33.7365 243.9758 6.0 0.5 0.5 1.0
1
1 1 pick.14367028p
32.9533 244.501 15.77 0.5 0.5 1.0
1
1 1 pick.9990285p
32.6693 244.1737 7.19 0.5 0.5 1.0
1
1 1 pick.14688052p
33.9428 243.0058 16.76 0.5 0.5 1.0
1
1 1 pick.10000605p
32.7037 244.0698 5.32 0.5 0.5 1.0
1
1 1 pick.14747580p
32.6305 244.2473 2.48 0.5 0.5 1.0
1
1 1 pick.14614668p
32.6768 244.162 7.0 0.5 0.5 1.0
1
1 1 pick.14612876p
32.6622 244.1935 3.88 0.5 0.5 1.0
1
1 1 pick.14748356p
32.63 244.2128 3.01 0.5 0.5 1.0
1
1 1 pick.14617356p
32.6505 244.1847 5.29 0.5 0.5 1.0
1
1 1 pick.10628845p
32.6232 244.2297 0.54 0.5 0.5 1.0
1
1 1 pick.14622444p
32.6652 244.218 7.49 0.5 0.5 1.0
1
1 1 pick.10615661p
32.7728 243.9965 5.52 0.5 0.5 1.0
1
1 1 pick.10174202p
32.6513 244.2495 10.0 0.5 0.5 1.0
1
1 1 pick.10613485p
33.8463 242.173 9.59 0.5 0.5 1.0
1
1 1 pick.13979028p
32.8995 244.1957 9.99 0.5 0.5 1.0
1
1 1 pick.14313648p
32.6753 243.8895 11.77 0.5 0.5 1.0
1
1 1 pick.14295380p
34.4317 243.4923 4.32 0.5 0.5 1.0
1
1 1 pick.14242192p
33.6713 243.2863 16.47 0.5 0.5 1.0
1
1 1 pick.10353485p
33.8763 242.2333 3.18 0.5 0.5 1.0
1
1 1 pick.10262757p
32.8685 243.7655 9.84 0.5 0.5 1.0
1
1 1 pick.14772268p
32.569 244.2588 4.27 0.5 0.5 1.0
1
1 1 pick.10177830p
33.473 243.4872 13.36 0.5 0.5 1.0
1
1 1 pick.10257565p
34.3072 243.1503 5.74 0.5 0.5 1.0
1
1 1 pick.9906649p
32.6718 244.2055 5.33 0.5 0.5 1.0
1
1 1 pick.14615476p
33.4167 243.62 14.67 0.5 0.5 1.0
1
1 1 pick.14247356p
32.639 244.2465 3.01 0.5 0.5 1.0
1
1 1 pick.14725364p
32.621 244.2572 1.93 0.5 0.5 1.0
1
1 1 pick.14734668p
32.6017 244.212 3.39 0.5 0.5 1.0
1
1 1 pick.10610573p
32.6575 244.164 7.43 0.5 0.5 1.0
1
1 1 pick.10859389p
32.6178 244.2222 0.11 0.5 0.5 1.0
1
1 1 pick.10602989p
33.9793 243.7302 5.31 0.5 0.5 1.0
1
1 1 pick.14248096p
32.7325 244.024 4.25 0.5 0.5 1.0
1
1 1 pick.14750780p
34.0232 242.983 19.34 0.5 0.5 1.0
1
1 1 pick.14176196p
32.7095 244.0567 3.63 0.5 0.5 1.0
1
1 1 pick.14750924p
33.1462 244.357 5.16 0.5 0.5 1.0
1
1 1 pick.14179936p
32.6822 244.249 8.65 0.5 0.5 1.0
1
1 1 pick.10179010p
33.0628 244.0907 1.43 0.5 0.5 1.0
1
1 1 pick.10356729p
33.7032 243.1638 16.38 0.5 0.5 1.0
1
1 1 pick.9889097p
34.1215 243.597 8.14 0.5 0.5 1.0
1
1 1 pick.14091288p
32.5583 244.2095 5.19 0.5 0.5 1.0
1
1 1 pick.14607868p
32.6427 244.2438 2.72 0.5 0.5 1.0
1
1 1 pick.14609988p
34.3043 243.1542 6.16 0.5 0.5 1.0
1
1 1 pick.9515226p
33.9635 242.9315 15.29 0.5 0.5 1.0
1
1 1 pick.10257445p
32.5513 244.2758 4.35 0.5 0.5 1.0
1
1 1 pick.14611428p
32.9433 244.4648 6.0 0.5 0.5 1.0
1
1 1 pick.9799665p
32.6987 243.944 7.56 0.5 0.5 1.0
1
1 1 pick.10217745p
32.7062 244.035 0.18 0.5 0.5 1.0
1
1 1 pick.14745620p
32.6203 244.2 2.15 0.5 0.5 1.0
1
1 1 pick.10591717p
32.9523 244.4497 14.49 0.5 0.5 1.0
1
1 1 pick.13966684p
32.6368 244.2538 2.15 0.5 0.5 1.0
1
1 1 pick.14726372p
32.701 244.0578 7.63 0.5 0.5 1.0
1
1 1 pick.14750596p
33.0333 244.432 12.98 0.5 0.5 1.0
1
1 1 pick.14371908p
32.674 244.1972 4.74 0.5 0.5 1.0
1
1 1 pick.14615716p
34.2587 242.6162 7.18 0.5 0.5 1.0
1
1 1 pick.14494128p
33.1467 244.3772 9.16 0.5 0.5 1.0
1
1 1 pick.9871841p
34.041 242.8563 14.28 0.5 0.5 1.0
1
1 1 pick.14072516p
32.772 243.9118 2.23 0.5 0.5 1.0
1
1 1 pick.14609028p
32.7265 244.0332 6.09 0.5 0.5 1.0
1
1 1 pick.33933759p
33.9703 243.2852 17.44 0.5 0.5 1.0
1
1 1 pick.10227629p
32.6308 244.219 5.61 0.5 0.5 1.0
1
1 1 pick.14626148p
34.0473 243.1695 15.26 0.5 0.5 1.0
1
1 1 pick.10368925p
32.689 244.0505 3.47 0.5 0.5 1.0
1
1 1 pick.10719357p
33.1633 244.3637 3.9 0.5 0.5 1.0
1
1 1 pick.9924321p
32.6142 244.2315 4.67 0.5 0.5 1.0
1
1 1 pick.10667533p
33.5045 243.4683 12.93 0.5 0.5 1.0
1
1 1 pick.14152348p
33.465 243.595 12.24 0.5 0.5 1.0
1
1 1 pick.10200425p
32.7078 244.1932 0.02 0.5 0.5 1.0
1
1 1 pick.10601797p
33.4267 242.9732 13.66 0.5 0.5 1.0
1
1 1 pick.9854621p
32.6618 244.1913 1.49 0.5 0.5 1.0
1
1 1 pick.14619380p
32.9617 244.4458 14.01 0.5 0.5 1.0
1
1 1 pick.13966416p
33.463 243.5455 11.77 0.5 0.5 1.0
1
1 1 pick.14610756p
33.236 243.9587 13.54 0.5 0.5 1.0
1
1 1 pick.14146972p
32.603 244.2283 4.86 0.5 0.5 1.0
1
1 1 pick.10170802p
32.9622 244.439 13.6 0.5 0.5 1.0
1
1 1 pick.14960220p
32.705 244.1045 5.59 0.5 0.5 1.0
1
1 1 pick.30461759p
33.0232 244.4605 9.99 0.5 0.5 1.0
1
1 1 pick.14898924p
32.6387 244.168 8.79 0.5 0.5 1.0
1
1 1 pick.14622828p
33.186 244.3935 4.64 0.5 0.5 1.0
1
1 1 pick.14178076p
32.6857 244.1745 4.24 0.5 0.5 1.0
1
1 1 pick.10180250p
33.9867 242.5677 17.66 0.5 0.5 1.0
1
1 1 pick.14295620p
33.2212 243.9233 3.72 0.5 0.5 1.0
1
1 1 pick.10246513p
32.9923 243.6523 10.58 0.5 0.5 1.0
1
1 1 pick.10864957p
33.8308 242.3588 7.13 0.5 0.5 1.0
1
1 1 pick.12259768p
32.6053 244.1967 3.19 0.5 0.5 1.0
1
1 1 pick.10625861p
32.6602 244.17 7.78 0.5 0.5 1.0
1
1 1 pick.10665973p
32.7168 244.055 3.57 0.5 0.5 1.0
1
1 1 pick.10189654p
33.1972 243.988 8.15 0.5 0.5 1.0
1
1 1 pick.14403964p
33.9733 242.1845 16.33 0.5 0.5 1.0
1
1 1 pick.9970365p
33.1898 244.381 4.06 0.5 0.5 1.0
1
1 1 pick.10863381p
33.884 243.1323 13.96 0.5 0.5 1.0
1
1 1 pick.14441928p
33.318 244.2773 4.11 0.5 0.5 1.0
1
1 1 pick.14442392p
34.0555 243.683 10.55 0.5 0.5 1.0
1
1 1 pick.13813324p
33.1617 243.9683 12.2 0.5 0.5 1.0
1
1 1 pick.10480805p
33.1852 243.5873 11.91 0.5 0.5 1.0
1
1 1 pick.14608324p
32.6567 244.2242 2.98 0.5 0.5 1.0
1
1 1 pick.14687468p
32.7518 244.124 0.89 0.5 0.5 1.0
1
1 1 pick.14752252p
33.2313 244.4708 7.53 0.5 0.5 1.0
1
1 1 pick.14185760p
33.3012 243.6647 13.94 0.5 0.5 1.0
1
1 1 pick.9991525p
33.1907 244.406 3.33 0.5 0.5 1.0
1
1 1 pick.9908697p
33.355 243.6148 14.53 0.5 0.5 1.0
1
1 1 pick.9928549p
34.3145 243.1453 3.32 0.5 0.5 1.0
1
1 1 pick.13936344p
33.1052 243.948 11.93 0.5 0.5 1.0
1
1 1 pick.10273353p
32.6537 244.3297 9.05 0.5 0.5 1.0
1
1 1 pick.10177230p
32.6407 244.1518 3.84 0.5 0.5 1.0
1
1 1 pick.14683396p
34.1992 242.4275 5.43 0.5 0.5 1.0
1
1 1 pick.14438168p
33.7013 243.2602 18.74 0.5 0.5 1.0
1
1 1 pick.9867861p
33.168 244.3662 4.95 0.5 0.5 1.0
1
1 1 pick.14178204p
32.6297 244.2557 4.49 0.5 0.5 1.0
1
1 1 pick.14626004p
33.7482 243.0952 14.09 0.5 0.5 1.0
1
1 1 pick.14167616p
33.0452 244.4165 12.25 0.5 0.5 1.0
1
1 1 pick.14122548p
34.305 243.1157 6.46 0.5 0.5 1.0
1
1 1 pick.13911960p
33.1903 244.3573 3.96 0.5 0.5 1.0
1
1 1 pick.14136548p
32.7418 244.0248 5.55 0.5 0.5 1.0
1
1 1 pick.14748388p
32.5763 244.215 6.34 0.5 0.5 1.0
1
1 1 pick.10170766p
33.4958 243.5202 14.84 0.5 0.5 1.0
1
1 1 pick.10736085p
32.583 244.2912 5.03 0.5 0.5 1.0
1
1 1 pick.14776156p
32.7182 244.0338 9.8 0.5 0.5 1.0
1
1 1 pick.14746340p
32.5797 244.221 3.2 0.5 0.5 1.0
1
1 1 pick.14618684p
32.6753 244.186 6.72 0.5 0.5 1.0
1
1 1 pick.14616612p
32.6492 244.2142 4.7 0.5 0.5 1.0
1
1 1 pick.14614124p
32.9948 243.6398 5.62 0.5 0.5 1.0
1
1 1 pick.10532509p
32.6048 244.2923 4.71 0.5 0.5 1.0
1
1 1 pick.10931757p
34.0675 242.1653 11.82 0.5 0.5 1.0
1
1 1 pick.9796369p
34.2212 242.5255 12.52 0.5 0.5 1.0
1
1 1 pick.14213880p
33.0712 243.9213 5.51 0.5 0.5 1.0
1
1 1 pick.14938316p
33.7717 243.0925 13.15 0.5 0.5 1.0
1
1 1 pick.14395420p
33.4232 243.512 13.5 0.5 0.5 1.0
1
1 1 pick.14381156p
33.3508 243.5713 13.58 0.5 0.5 1.0
1
1 1 pick.14406076p
32.8315 243.9012 5.62 0.5 0.5 1.0
1
1 1 pick.10632413p
32.6533 244.1503 5.64 0.5 0.5 1.0
1
1 1 pick.32733759p
32.7943 243.9382 6.71 0.5 0.5 1.0
1
1 1 pick.14618548p
32.6618 244.0585 6.91 0.5 0.5 1.0
1
1 1 pick.14893948p
32.6042 244.2052 0.05 0.5 0.5 1.0
1
1 1 pick.10611605p
33.9242 243.167 11.26 0.5 0.5 1.0
1
1 1 pick.14181344p
34.316 243.1537 4.05 0.5 0.5 1.0
1
1 1 pick.13938880p
32.6188 244.2053 6.44 0.5 0.5 1.0
1
1 1 pick.10724149p
32.7218 244.1323 1.69 0.5 0.5 1.0
1
1 1 pick.14614532p
34.0697 243.312 10.87 0.5 0.5 1.0
1
1 1 pick.10057229p
33.064 243.9987 12.28 0.5 0.5 1.0
1
1 1 pick.10347049p
33.8328 243.2172 15.65 0.5 0.5 1.0
1
1 1 pick.14343104p
32.6588 244.1882 3.52 0.5 0.5 1.0
1
1 1 pick.10174034p
32.6088 244.2412 0.71 0.5 0.5 1.0
1
1 1 pick.14611468p
32.6725 244.1435 0.66 0.5 0.5 1.0
1
1 1 pick.14624516p
32.6655 244.0942 6.68 0.5 0.5 1.0
1
1 1 pick.10726125p
32.6363 244.2005 0.02 0.5 0.5 1.0
1
1 1 pick.14610684p
33.1015 243.7873 6.58 0.5 0.5 1.0
1
1 1 pick.10440977p
32.613 244.1707 5.62 0.5 0.5 1.0
1
1 1 pick.10169110p
33.2543 243.9245 2.51 0.5 0.5 1.0
1
1 1 pick.14118416p
32.7283 244.1653 10.93 0.5 0.5 1.0
1
1 1 pick.10657525p
33.8992 242.222 0.62 0.5 0.5 1.0
1
1 1 pick.14582100p
33.0055 243.5283 5.44 0.5 0.5 1.0
1
1 1 pick.14963428p
34.0122 243.2245 18.58 0.5 0.5 1.0
1
1 1 pick.10148421p
32.6953 244.219 4.5 0.5 0.5 1.0
1
1 1 pick.10177010p
32.6332 244.2448 0.0 0.5 0.5 1.0
1
1 1 pick.10190130p
32.6515 244.0768 8.17 0.5 0.5 1.0
1
1 1 pick.14625812p
32.634 244.1907 10.09 0.5 0.5 1.0
1
1 1 pick.14612172p
32.5453 244.2947 3.33 0.5 0.5 1.0
1
1 1 pick.10862821p
32.688 244.203 5.49 0.5 0.5 1.0
1
1 1 pick.14689004p
33.9077 243.2252 17.43 0.5 0.5 1.0
1
1 1 pick.9998593p
32.7082 244.1263 3.63 0.5 0.5 1.0
1
1 1 pick.14695812p
33.8685 242.1463 4.55 0.5 0.5 1.0
1
1 1 pick.12727464p
34.3022 243.1603 4.54 0.5 0.5 1.0
1
1 1 pick.13937220p
33.1825 244.379 4.67 0.5 0.5 1.0
1
1 1 pick.14178300p
34.3082 243.0845 7.0 0.5 0.5 1.0
1
1 1 pick.10370561p
32.6282 244.2063 3.64 0.5 0.5 1.0
1
1 1 pick.14774980p
32.6448 244.2665 5.5 0.5 0.5 1.0
1
1 1 pick.10715533p
34.2983 243.1667 4.14 0.5 0.5 1.0
1
1 1 pick.14048832p
32.7977 244.152 10.0 0.5 0.5 1.0
1
1 1 pick.14201640p
33.4715 243.4278 11.05 0.5 0.5 1.0
1
1 1 pick.14981788p
32.687 244.1607 1.0 0.5 0.5 1.0
1
1 1 pick.10174994p
32.6897 244.0278 1.39 0.5 0.5 1.0
1
1 1 pick.14751716p
32.6752 244.1688 2.55 0.5 0.5 1.0
1
1 1 pick.10620869p
34.3402 243.1395 5.51 0.5 0.5 1.0
1
1 1 pick.14212760p
33.5803 242.7852 12.41 0.5 0.5 1.0
1
1 1 pick.12371444p
33.2998 243.687 12.34 0.5 0.5 1.0
1
1 1 pick.14581700p
32.7063 244.0802 9.89 0.5 0.5 1.0
1
1 1 pick.14745820p
32.7272 244.0935 0.84 0.5 0.5 1.0
1
1 1 pick.30469759p
32.682 244.0938 4.53 0.5 0.5 1.0
1
1 1 pick.10763541p
32.6672 244.199 4.94 0.5 0.5 1.0
1
1 1 pick.14617004p
32.6167 244.2402 7.48 0.5 0.5 1.0
1
1 1 pick.10613581p
32.7297 244.0068 1.94 0.5 0.5 1.0
1
1 1 pick.10719229p
32.5945 244.217 3.96 0.5 0.5 1.0
1
1 1 pick.10178730p
32.8007 244.4203 16.27 0.5 0.5 1.0
1
1 1 pick.9745037p
33.9423 242.2572 15.32 0.5 0.5 1.0
1
1 1 pick.14384236p
33.924 243.4267 12.35 0.5 0.5 1.0
1
1 1 pick.10534181p
33.701 243.9572 12.85 0.5 0.5 1.0
1
1 1 pick.10224017p
32.9962 244.4087 12.17 0.5 0.5 1.0
1
1 1 pick.10226397p
33.7502 242.9327 14.54 0.5 0.5 1.0
1
1 1 pick.13974136p
33.2038 244.4402 2.45 0.5 0.5 1.0
1
1 1 pick.12160775p
33.3395 243.7718 12.33 0.5 0.5 1.0
1
1 1 pick.14501440p
32.9208 243.7285 11.33 0.5 0.5 1.0
1
1 1 pick.10860581p
32.6272 244.2948 3.97 0.5 0.5 1.0
1
1 1 pick.14842932p
32.8998 244.4787 18.32 0.5 0.5 1.0
1
1 1 pick.9778677p
32.6457 244.2083 3.09 0.5 0.5 1.0
1
1 1 pick.10607189p
32.9543 244.452 13.71 0.5 0.5 1.0
1
1 1 pick.13966616p
34.3452 243.5415 4.36 0.5 0.5 1.0
1
1 1 pick.13969160p
34.3247 243.1425 4.08 0.5 0.5 1.0
1
1 1 pick.13937200p
34.0033 243.0875 17.49 0.5 0.5 1.0
1
1 1 pick.14404564p
32.9727 243.64 7.83 0.5 0.5 1.0
1
1 1 pick.10785325p
32.6707 244.184 4.71 0.5 0.5 1.0
1
1 1 pick.14614652p
33.1073 243.5762 9.4 0.5 0.5 1.0
1
1 1 pick.10746197p
33.1553 244.009 4.78 0.5 0.5 1.0
1
1 1 pick.14254660p
34.4163 243.2762 11.05 0.5 0.5 1.0
1
1 1 pick.14295368p
32.6588 244.1745 3.87 0.5 0.5 1.0
1
1 1 pick.10627869p
34.3095 243.0697 9.76 0.5 0.5 1.0
1
1 1 pick.14039092p
34.3077 243.1542 4.95 0.5 0.5 1.0
1
1 1 pick.13936224p
32.5797 244.2112 3.02 0.5 0.5 1.0
1
1 1 pick.14720564p
33.3997 243.5947 8.08 0.5 0.5 1.0
1
1 1 pick.10719837p
32.5518 244.2555 0.19 0.5 0.5 1.0
1
1 1 pick.10179430p
32.9458 244.2532 11.42 0.5 0.5 1.0
1
1 1 pick.14522276p
32.6517 244.229 0.96 0.5 0.5 1.0
1
1 1 pick.14617852p
34.3402 243.3575 4.25 0.5 0.5 1.0
1
1 1 pick.14725196p
33.9825 243.3338 10.67 0.5 0.5 1.0
1
1 1 pick.14325248p
33.782 243.9048 5.67 0.5 0.5 1.0
1
1 1 pick.10319813p
32.623 244.2393 2.23 0.5 0.5 1.0
1
1 1 pick.14614300p
32.7073 244.0855 0.17 0.5 0.5 1.0
1
1 1 pick.14625628p
32.6218 244.2467 2.87 0.5 0.5 1.0
1
1 1 pick.14719364p
33.0495 243.56 16.94 0.5 0.5 1.0
1
1 1 pick.9757741p
32.5738 244.2777 10.17 0.5 0.5 1.0
1
1 1 pick.14626324p
33.2213 243.9825 2.51 0.5 0.5 1.0
1
1 1 pick.14277376p
32.6203 244.3345 10.0 0.5 0.5 1.0
1
1 1 pick.10825837p
33.2388 244.4065 3.68 0.5 0.5 1.0
1
1 1 pick.10354853p
32.6393 244.2045 2.99 0.5 0.5 1.0
1
1 1 pick.10596325p
32.8132 243.8473 5.61 0.5 0.5 1.0
1
1 1 pick.15008564p
33.1513 244.3497 5.21 0.5 0.5 1.0
1
1 1 pick.14180064p
32.5908 244.1838 10.0 0.5 0.5 1.0
1
1 1 pick.14626276p
32.6318 244.2265 2.05 0.5 0.5 1.0
1
1 1 pick.14716348p
32.578 244.3053 7.31 0.5 0.5 1.0
1
1 1 pick.14613732p
32.588 244.2407 4.31 0.5 0.5 1.0
1
1 1 pick.10594101p
34.3212 243.3608 4.53 0.5 0.5 1.0
1
1 1 pick.10874989p
34.1432 243.5703 7.85 0.5 0.5 1.0
1
1 1 pick.10365305p
32.619 244.2482 2.52 0.5 0.5 1.0
1
1 1 pick.14608276p
32.6982 243.9135 8.04 0.5 0.5 1.0
1
1 1 pick.10596365p
33.27 243.8608 9.02 0.5 0.5 1.0
1
1 1 pick.9743077p
33.0495 244.3978 5.65 0.5 0.5 1.0
1
1 1 pick.9510134p
32.6997 243.9527 6.38 0.5 0.5 1.0
1
1 1 pick.10207713p
32.724 244.0382 2.46 0.5 0.5 1.0
1
1 1 pick.10718709p
32.631 244.2653 7.79 0.5 0.5 1.0
1
1 1 pick.14609108p
33.73 242.5222 10.85 0.5 0.5 1.0
1
1 1 pick.14242516p
33.2348 244.3257 0.56 0.5 0.5 1.0
1
1 1 pick.10506581p
33.1977 244.4002 4.69 0.5 0.5 1.0
1
1 1 pick.14179956p
32.6778 244.1448 4.03 0.5 0.5 1.0
1
1 1 pick.10597965p
33.1858 244.3917 1.73 0.5 0.5 1.0
1
1 1 pick.12290011p
32.8507 243.9747 2.76 0.5 0.5 1.0
1
1 1 pick.14612852p
33.0533 244.0968 2.01 0.5 0.5 1.0
1
1 1 pick.10356753p
33.5275 243.3143 12.95 0.5 0.5 1.0
1
1 1 pick.14197132p
33.3437 243.6032 14.99 0.5 0.5 1.0
1
1 1 pick.13945272p
32.6628 244.1563 4.22 0.5 0.5 1.0
1
1 1 pick.14715996p
32.6997 244.1497 0.06 0.5 0.5 1.0
1
1 1 pick.10174850p
33.054 243.6107 14.25 0.5 0.5 1.0
1
1 1 pick.14288780p
33.8483 242.296 10.07 0.5 0.5 1.0
1
1 1 pick.14405700p
33.8768 242.1382 6.56 0.5 0.5 1.0
1
1 1 pick.12458952p
33.0723 244.0682 1.33 0.5 0.5 1.0
1
1 1 pick.14404116p
34.3012 243.1503 4.82 0.5 0.5 1.0
1
1 1 pick.13944460p
32.6503 244.3118 11.69 0.5 0.5 1.0
1
1 1 pick.10835997p
32.6047 244.2223 4.52 0.5 0.5 1.0
1
1 1 pick.14616012p
34.1643 242.5243 12.06 0.5 0.5 1.0
1
1 1 pick.10348877p
32.6592 244.216 14.51 0.5 0.5 1.0
1
1 1 pick.10173854p
32.968 244.4557 15.09 0.5 0.5 1.0
1
1 1 pick.14074152p
33.3512 243.7168 13.25 0.5 0.5 1.0
1
1 1 pick.14558500p
32.7337 244.0465 1.6 0.5 0.5 1.0
1
1 1 pick.14746236p
32.667 244.3433 5.69 0.5 0.5 1.0
1
1 1 pick.10489261p
33.1617 244.3528 4.32 0.5 0.5 1.0
1
1 1 pick.14179896p
33.1597 244.3398 0.7 0.5 0.5 1.0
1
1 1 pick.10762077p
34.3228 243.152 5.27 0.5 0.5 1.0
1
1 1 pick.9881261p
34.34 243.082 6.13 0.5 0.5 1.0
1
1 1 pick.14119480p
32.6125 244.22 3.28 0.5 0.5 1.0
1
1 1 pick.14718764p
32.588 244.2678 11.17 0.5 0.5 1.0
1
1 1 pick.10657845p
34.0193 242.8947 18.01 0.5 0.5 1.0
1
1 1 pick.9943125p
32.6057 244.2752 4.9 0.5 0.5 1.0
1
1 1 pick.14612716p
34.3185 243.5463 8.17 0.5 0.5 1.0
1
1 1 pick.14249564p
32.8258 244.016 1.08 0.5 0.5 1.0
1
1 1 pick.14263572p
34.4047 243.5422 3.38 0.5 0.5 1.0
1
1 1 pick.14248600p
33.2417 243.6617 13.74 0.5 0.5 1.0
1
1 1 pick.10353797p
33.115 243.5368 9.18 0.5 0.5 1.0
1
1 1 pick.14717932p
32.6838 244.1822 1.75 0.5 0.5 1.0
1
1 1 pick.10174194p
32.5992 244.2178 2.91 0.5 0.5 1.0
1
1 1 pick.14626388p
33.3053 243.1478 14.08 0.5 0.5 1.0
1
1 1 pick.9962949p
34.033 243.5575 2.89 0.5 0.5 1.0
1
1 1 pick.10318397p
33.9225 243.2765 16.82 0.5 0.5 1.0
1
1 1 pick.12346335p
32.6258 244.181 14.75 0.5 0.5 1.0
1
1 1 pick.10178785p
34.1607 242.5825 12.32 0.5 0.5 1.0
1
1 1 pick.14000940p
34.3268 243.24 3.27 0.5 0.5 1.0
1
1 1 pick.10435457p
33.2423 243.8622 5.73 0.5 0.5 1.0
1
1 1 pick.14396384p
33.856 242.2235 7.76 0.5 0.5 1.0
1
1 1 pick.14237668p
33.1748 244.3688 4.91 0.5 0.5 1.0
1
1 1 pick.12217067p
33.3548 243.6463 13.78 0.5 0.5 1.0
1
1 1 pick.14345360p
32.638 244.1747 3.69 0.5 0.5 1.0
1
1 1 pick.10658493p
32.7232 244.1073 3.78 0.5 0.5 1.0
1
1 1 pick.14622396p
33.2777 243.9867 4.79 0.5 0.5 1.0
1
1 1 pick.10437945p
33.534 244.1215 4.95 0.5 0.5 1.0
1
1 1 pick.14350980p
34.01 242.7925 15.65 0.5 0.5 1.0
1
1 1 pick.14587588p
32.6585 244.1355 3.34 0.5 0.5 1.0
1
1 1 pick.10628021p
32.632 244.2013 7.61 0.5 0.5 1.0
1
1 1 pick.14623436p
33.0412 244.0788 2.11 0.5 0.5 1.0
1
1 1 pick.14613852p
34.2368 242.4782 12.73 0.5 0.5 1.0
1
1 1 pick.14894140p
33.8872 243.6728 5.18 0.5 0.5 1.0
1
1 1 pick.10201865p
33.2288 243.7825 11.89 0.5 0.5 1.0
1
1 1 pick.14147820p
32.626 244.2138 1.08 0.5 0.5 1.0
1
1 1 pick.10600013p
33.217 243.2665 5.77 0.5 0.5 1.0
1
1 1 pick.10297085p
32.8493 244.2572 14.05 0.5 0.5 1.0
1
1 1 pick.10008617p
32.613 244.1097 4.57 0.5 0.5 1.0
1
1 1 pick.10671445p
32.6915 244.1002 5.81 0.5 0.5 1.0
1
1 1 pick.10590373p
33.2757 243.5415 2.41 0.5 0.5 1.0
1
1 1 pick.10866733p
33.9417 242.1667 17.02 0.5 0.5 1.0
1
1 1 pick.14218340p
33.936 243.1462 8.92 0.5 0.5 1.0
1
1 1 pick.10081685p
32.6762 244.1262 6.35 0.5 0.5 1.0
1
1 1 pick.10665149p
34.2648 242.4445 6.45 0.5 0.5 1.0
1
1 1 pick.10357133p
33.1728 243.4525 15.91 0.5 0.5 1.0
1
1 1 pick.14986596p
34.179 243.1782 5.29 0.5 0.5 1.0
1
1 1 pick.10483541p
