6
0
0
2
1 5.0 0.05 | 0 0.1 0.1 | 1 0.01 0.1
1 5.0 0.05 | 0 0.1 0.1 | 1 0.01 0.1
1 5.0 0.05 | 0 0.1 0.1 | 1 0.01 0.1
1 5.0 0.05 | 0 0.1 0.1 | 1 0.01 0.1
1 5.0 0.03 | 0 0.1 0.1 | 1 0.01 0.1
1 5.0 0.03 | 0 0.1 0.1 | 1 0.01 0.1
1 5.0 0.03 | 0 0.1 0.1 | 1 0.01 0.1
1 5.0 0.03 | 0 0.1 0.1 | 1 0.01 0.1
1 5.0 0.03 | 0 0.1 0.1 | 1 0.01 0.1
0 5.0 2.1 | 0 0.1 0.1 | 1 0.1 8.5
1 5.0 1.1 | 0 0.1 0.1 | 1 0.1 8.5
1 5.0 1.1 | 0 0.1 0.1 | 1 0.1 8.5
0 5.0 1.1 | 0 0.1 0.1 | 1 0.1 8.5
1 5.0 1.1 | 0 0.1 0.1 | 1 0.1 8.5
1 5.0 1.1 | 0 0.1 0.1 | 1 0.1 8.5
0 5.0 1.1 | 0 0.1 0.1 | 1 0.1 8.5

In order we have
c: Number of inversion iterations
c: Begin from starting model (0) or current iteration (1)
c: If above equals 1, then start with inversion (0) or forward
   step (1)
